1
6
14
20
33
37
41
48
54
65
74
80
107
134
152
168
181
190
204
211
220
254
263
275
284
292
301
307
313
321
378
385
412
431
451
460
467
473
502
519
546
570
575
586
597
612
620
630
637
643
653
661
672
682
689
697
724
734
757
764
791
817
844
849
856
864
873
900
904
932
952
956
962
977
983
1003
1009
1019
1029
1039
1066
1078
1087
1100
1110
1122
1134
1143
1180
1186
1199
1213
1220
1226
1232
1245
1252
1280
1289
1296
1303
1309
1318
1326
1334
1341
1375
1392
1410
1421
1427
1433
1439
1459
1486
1509
1519
1530
1541
1545
1550
1582
1592
1596
1603
1621
1630
1641
1648
1657
1671
1685
1688
1705
1728
1736
1743
1758
1781
1787
1794
1803
1810
1818
1823
1850
1854
1862
1887
1896
1901
1909
1920
1934
1958
1972
1982
1993
2004
2011
2040
2049
2063
2082
2092
2096
2105
2133
2139
2150
2169
2176
2184
2197
2200
2222
2226
2235
2252
2275
2284
2291
2306
2315
2321
2344
2360
2373
2384
2403
2413
2424
2446
2470
2474
2484
2493
2502
2516
2533
2542
2591
2601
2616
2620
2630
2640
2649
2654
2660
2672
2689
2695
2701
2707
2721
2739
2741
2750
2754
2763
2770
2776
2787
2798
2808
2817
2825
2833
2842
2851
2859
2869
2876
2885
2894
2898
2902
2911
2919
2945
2972
3007
3042
3051
3059
3086
3095
3104
3122
3130
3136
3145
3154
3163
3168
3177
3187
3196
3206
3215
3225
3234
3243
3252
3262
3271
3281
3291
3299
3310
3338
3358
3368
3377
3387
3398
3407
3416
3444
3452
3478
3485
3489
3494
3513
3524
3534
3545
3556
3564
3572
3582
3592
3602
3629
3646
3654
3665
3680
3704
3734
3766
3771
3793
3798
3809
3819
3829
3859
3882
3890
3899
3908
3918
3928
3950
3961
3983
3992
4014
4021
4047
4058
4065
4077
4086
4110
4128
4145
4164
4190
4203
4215
4224
4231
4243
4252
4260
4270
4289
4298
4303
4314
4329
4335
4363
4387
4394
4403
4412
4418
4428
4437
4447
4457
4486
4517
4547
4552
4562
4588
4600
4623
4627
4644
4650
4655
4681
4697
4706
4710
4721
4733
4754
4777
4794
4799
4804
4825
4828
4842
4863
4882
4888
4903
4923
4927
4956
4962
4979
4985
4999
5005
5014
5034
5045
5068
5081
5100
5127
5155
5178
5182
5190
5212
5220
5228
5235
5244
5255
5265
5274
5284
5294
5318
5325
5329
5340
5371
5381
5387
5405
5414
5423
5441
5460
5479
5489
5500
5511
5520
5531
5539
5548
5558
5568
5577
5587
5596
5606
5614
5622
5644
5670
5687
5711
5717
5726
5729
5737
5745
5754
5763
5772
5781
5791
5803
5812
5821
5831
5839
5847
5858
5865
5887
5896
5902
5910
5923
5930
5939
5948
5957
5960
5967
5971
5980
6004
6019
6024
6045
6047
6056
6066
6070
6103
6114
6117
6124
6142
6146
6154
6165
6174
6183
6188
6218
6226
6246
6255
6263
6271
6280
6289
6299
6305
6315
6325
6333
6341
6359
6369
6378
6403
6409
6417
6439
6447
6467
6490
6510
6519
6528
6541
6551
6574
6580
6602
6610
6619
6641
6651
6660
6672
6680
6700
6711
6731
6743
6751
6760
6770
6779
6784
6795
6804
6808
6816
6817
6824
6837
6846
6854
6877
6900
6902
6926
6937
6948
6960
6971
6982
6991
7003
7007
7020
7039
7059
7086
7089
7128
7144
7151
7165
7191
7199
7227
7245
7272
7275
7283
7295
7324
7338
7350
7357
7366
7394
7404
7410
7411
7419
7427
7435
7465
7468
7506
7527
7532
7540
7551
7560
7572
7581
7590
7602
7612
7621
7632
7664
7675
7682
7692
7702
7725
7738
7742
7752
7770
7779
7802
7824
7833
7843
7859
7886
7899
7904
7915
7933
7950
7978
7983
7995
8018
8027
8036
8045
8054
8063
8073
8088
8104
8112
8113
8122
8132
8138
8147
8155
8163
8181
8205
8217
8227
8243
8252
8281
8297
8307
8316
8327
8336
8345
8354
8365
8375
8384
8402
8406
8414
8425
8435
8457
8477
8488
8498
8524
8545
8550
8557
8558
8585
8611
8628
8641
8653
8667
8694
8702
8712
8734
8740
8775
8793
8809
8818
8820
8831
8853
8862
8868
8881
8891
8908
8948
8975
8985
8991
9024
9029
9046
9058
9063
9071
9080
9086
9094
9103
9114
9125
9135
9147
9173
9183
9208
9219
9246
9275
9286
9296
9306
9307
9313
9316
9340
9369
9379
9395
9408
9426
9437
9460
9469
9486
9495
9511
9524
9525
9536
9545
9563
9568
9581
9590
9600
9614
9625
9634
9640
9653
9662
9693
9700
9701
9708
9731
9741
9770
9789
9815
9836
9846
9865
9883
9897
9905
9915
9924
9935
9946
9950
9961
9973
10005
10019
10031
10039
10046
10055
10063
10072
10084
10094
10104
10112
10122
10133
10143
10152
10162
10189
10209
10235
10245
10255
10264
10294
10304
10314
10325
10340
10356
10373
10391
10399
10420
10430
10443
10452
10466
10467
10475
10485
10512
10526
10539
10545
10556
10568
10597
10609
10626
10635
10646
10658
10663
10675
10687
10697
10711
10729
10748
10757
10768
10779
10816
10844
10848
10868
10878
10906
10917
10921
10942
10955
10957
10985
10988
11000
11009
11028
11039
11047
11056
11069
11073
11099
11118
11142
11149
11163
11190
11199
11211
11234
11244
11255
11262
11273
11283
11293
11324
11333
11343
11351
11361
11388
11410
11443
11449
11459
11470
11487
11501
11502
11513
11522
11543
11566
11576
11585
11596
11605
11616
11625
11646
11649
11658
11672
11712
11741
11750
11779
11806
11816
11827
11836
11848
11876
11884
11898
11909
11913
11919
11930
11932
11940
11949
11960
11969
11974
11983
11993
12001
12009
12019
12044
12067
12094
12103
12114
12124
12129
12137
12147
12153
12167
12172
12193
12203
12229
12243
12268
12295
12305
12315
12324
12328
12337
12344
12353
12361
12369
12378
12381
12408
12419
12430
12449
12455
12480
12503
12511
12519
12523
12533
12541
12549
12559
12566
12574
12586
12594
12597
12600
12610
12620
12628
12637
12653
12662
12672
12682
12693
12702
12732
12740
12766
12774
12789
12798
12809
12819
12830
12840
12848
12878
12888
12901
12927
12939
12949
12960
12968
12989
13011
13031
13032
13039
13049
13077
13096
13123
13133
13141
13149
13157
13166
13175
13188
13197
13216
13225
13237
13246
13257
13266
13277
13287
13298
13309
13314
13337
13347
13361
13374
13384
13411
13422
13431
13441
13454
13483
13501
13512
13521
13538
13548
13569
13589
13590
13597
13623
13633
13645
13655
13665
13676
13682
13690
13719
13735
13746
13763
13773
13780
13797
13810
13815
13831
13832
13841
13863
13872
13882
13894
13905
13915
13922
13931
13942
13951
13960
13969
13978
13988
13998
14010
14023
14027
14042
14052
14057
14084
14092
14102
14118
14124
14134
14136
14147
14174
14200
14211
14221
14232
14241
14263
14272
14290
14305
14326
14337
14349
14357
14383
14393
14403
14404
14415
14438
14450
14465
14487
14494
14504
14515
14526
14534
14545
14558
14569
14593
14602
14609
14617
14628
14640
14660
14668
14678
14679
14685
14697
14707
14716
14722
14730
14738
14748
14760
14769
14783
14804
14815
14833
14857
14876
14885
14896
14906
14907
14918
14926
14943
14953
14963
14973
14989
14998
15007
15016
15026
15036
15062
15073
15082
15109
15134
15137
15147
15157
15167
15177
15183
15193
15205
15214
15226
15246
15257
15271
15283
15295
15304
15313
15322
15330
15340
15348
15361
15385
15413
15420
15430
15440
15449
15460
15472
15498
15524
15551
15560
15569
15580
15589
15598
15599
15608
15616
15631
15659
15668
15695
15720
15730
15739
15751
15762
15773
15780
15806
15816
15821
15829
15838
15846
15858
15865
15881
15890
15910
15918
15927
15960
15978
15985
16001
16003
16030
16042
16050
16058
16066
16083
16087
16096
16105
16115
16117
16144
16174
16189
16199
16227
16237
16249
16260
16270
16280
16288
16298
16309
16327
16332
16354
16372
16390
16411
16423
16466
16473
16482
16493
16521
16530
16545
16574
16596
16619
16630
16647
16674
16691
16708
16733
16752
16780
16790
16802
16819
16825
16847
16865
16873
16882
16885
16929
16949
16959
16973
16991
17010
17033
17044
17091
17098
17107
17117
17125
17140
17146
17155
17161
17172
17180
17201
17233
17239
17248
17251
17259
17269
17280
17287
17312
17316
17321
17323
17331
17339
17348
17360
17390
17418
17427
17431
17440
17445
17455
17470
17497
17524
17533
17544
17552
17560
17562
17570
17579
17601
17617
17625
17659
17687
17695
17703
17722
17731
17739
17752
17753
17759
17791
17810
17821
17832
17841
17850
17859
17869
17899
17918
17931
17937
17944
17951
17957
17966
17968
17969
17986
17994
18018
18022
18051
18092
18105
18110
18118
18126
18149
18157
18159
18173
18183
18194
18205
18214
18244
18262
18270
18279
18298
18304
18341
18352
18385
18387
18395
18400
18404
18405
18410
18422
18432
18449
18458
18463
18492
18520
18529
18550
18562
18571
18581
18593
18628
18638
18639
18666
18674
18679
18683
18691
18712
18735
18750
18757
18765
18791
18794
18823
18832
18854
18859
18870
18876
18885
18893
18901
18907
18915
18925
18935
18945
18951
18961
18967
18993
19004
19012
19021
19040
19049
19054
19071
19098
19121
19129
19157
19166
19187
19198
19201
19204
19237
19248
19251
19259
19270
19278
19290
19303
19317
19325
19333
19339
19349
19359
19366
19374
19382
19388
19409
19416
19426
19439
19459
19481
19508
19514
19524
19528
19543
19551
19568
19584
19594
19602
19610
19618
19626
19636
19653
19673
19681
19691
19705
19713
19723
19736
19744
19755
19777
19793
19802
19806
19813
19819
19830
19840
19847
19875
19884
19894
19910
19923
19937
19941
19948
19960
19976
19993
20008
20020
20032
20035
20043
20053
20058
20068
20078
20097
20109
20133
20141
20145
20152
20166
20192
20225
20228
20234
20247
20251
20271
20280
20289
20300
20308
20331
20345
20355
20385
20422
20430
20431
20450
20456
20466
20482
20489
20511
20534
20562
20565
20593
20602
20612
20632
20641
20642
20661
20672
20694
20703
20709
20718
20728
20736
20742
20745
20761
20768
20777
20784
20789
20800
20809
20836
20858
20885
20913
20916
20926
20944
20952
20989
20998
21008
21016
21025
21060
21069
21079
21087
21090
21115
21116
21125
21138
21147
21174
21179
21215
21240
21262
21308
21336
21360
21370
21384
21421
21441
21449
21456
21466
21478
21488
21500
21532
21556
21566
21575
21604
21612
21625
21634
21657
21676
21692
21717
21735
21758
21769
21793
21805
21832
21850
21871
21880
21907
21916
21945
21963
21971
22011
22021
22022
22031
22039
22062
22099
22115
22123
22131
22165
22176
22181
22189
22202
22211
22242
22265
22291
22301
22306
22326
22336
22365
22375
22385
22395
22404
22422
22425
22446
22470
22478
22486
22505
22514
22542
22550
22567
22593
22594
22605
22633
22643
22653
22656
22678
22702
22712
22722
22735
22774
22779
22786
22812
22825
22833
22857
22867
22896
22918
22940
22950
22958
22974
22983
23019
23026
23049
23071
23079
23092
23101
23111
23124
23152
23155
23188
23201
23209
23231
23234
23245
23253
23279
23289
23298
23299
23305
23332
23343
23355
23359
23377
23391
23411
23420
23451
23459
23465
23476
23488
23504
23514
23515
23525
23530
23541
23547
23572
23578
23589
23598
23606
23631
23649
23660
23690
23693
23711
23741
23749
23760
23779
23787
23814
23824
23828
23857
23888
23894
23902
23915
23946
23976
24011
24020
24030
24039
24051
24062
24083
24093
24101
24110
24118
24126
24131
24141
24179
24189
24221
24261
24277
24287
24288
24297
24307
24343
24355
24375
24403
24415
24423
24433
24460
24467
24476
24492
24498
24506
24510
24521
24529
24541
24547
24554
24559
24579
24592
24611
24620
24637
24645
24655
24662
24690
24698
24706
24713
24727
24749
24755
24763
24793
24796
24807
24817
24832
24841
24851
24861
24885
24893
24902
24912
24920
24935
24948
24962
24983
24989
24990
24999
25031
25040
25048
25057
25074
25081
25089
25098
25109
25134
25163
25175
25199
25218
25231
25242
25259
25260
25265
25276
25284
25313
25320
25324
25328
25340
25348
25353
25362
25372
25379
25389
25419
25423
25445
25469
25472
25491
25519
25524
25534
25554
25565
25582
25594
25601
25613
25643
25655
25670
25676
25685
25716
25718
25745
25758
25768
25778
25787
25806
25817
25837
25846
25856
25868
25878
25892
25900
25908
25936
25944
25956
25963
25977
25980
25986
25995
26006
26014
26018
26022
26026
26034
26042
26046
26055
26059
26084
26097
26115
26123
26134
26169
26181
26189
26217
26218
26229
26258
26286
26297
26325
26334
26342
26351
26361
26375
26387
26393
26424
26430
26440
26452
26453
26482
26503
26522
26547
26551
26572
26580
26589
26610
26632
26641
26665
26674
26705
26718
26727
26736
26749
26769
26794
26814
26824
26834
26855
26863
26886
26895
26904
26924
26934
26949
26950
26964
26975
26985
26993
27002
27021
27053
27083
27094
27103
27112
27120
27140
27165
27175
27184
27195
27204
27214
27223
27224
27236
27245
27256
27265
27281
27291
27301
27311
27320
27350
27371
27392
27402
27411
27421
27425
27429
27438
27445
27474
27491
27501
27522
27523
27531
27541
27549
27569
27591
27602
27628
27637
27645
27668
27674
27685
27694
27708
27717
27727
27731
27741
27752
27762
27770
27773
27783
27794
27802
27814
27831
27841
27851
27861
27886
27911
27914
27946
27961
27966
27977
28000
28011
28021
28026
28036
28054
28057
28070
28098
28109
28118
28128
28140
28150
28168
28178
28206
28211
28223
28229
28244
28253
28260
28288
28298
28314
28324
28334
28359
28371
28382
28394
28404
28431
28445
28450
28460
28480
28486
28513
28516
28521
28530
28541
28561
28581
28588
28591
28595
28624
28629
28639
28643
28650
28659
28672
28679
28685
28704
28717
28728
28738
28749
28776
28805
28828
28838
28853
28867
28878
28888
28897
28905
28910
28930
28940
28969
28977
29005
29032
29042
29060
29083
29093
29103
29113
29121
29130
29157
29158
29160
29188
29217
29230
29240
29265
29293
29317
29339
29350
29358
29368
29399
29411
29423
29434
29437
29466
29476
29507
29517
29528
29538
29549
29560
29571
29575
29584
29595
29619
29630
29659
29669
29677
29706
29708
29719
29728
29734
29759
29767
29778
29822
29826
29834
29843
29852
29859
29871
29880
29900
29934
29964
29988
29997
30021
30031
30039
30042
30045
30053
30063
30094
30103
30106
30117
30129
30137
30140
30143
30159
30176
30198
30226
30229
30259
30262
30272
30281
30292
30302
30305
30326
30335
30342
30351
30378
30395
30414
30436
30467
30486
30490
30494
30510
30536
30560
30566
30572
30578
30584
30590
30597
30603
30609
30614
30631
30637
30648
30658
30664
30672
30682
30756
30775
30786
30804
30834
30869
30874
30886
30897
30919
30949
30969
30998
31027
31050
31073
31105
31114
31128
31141
31145
31173
31207
31223
31229
31259
31279
31288
31296
31299
31327
31357
31378
31381
31386
31406
31415
31430
31439
31448
31456
31462
31470
31478
31489
31498
31503
31512
31516
31535
31555
31572
31580
31583
31586
31657
31703
31730
31740
31753
31779
31793
31796
31811
31827
31850
31867
31896
31906
31917
31938
31945
31952
31976
31980
31991
32009
32018
32025
32027
32032
32049
32055
32066
32096
32120
32151
32162
32191
32200
32219
32224
32234
32242
32251
32259
32267
32275
32285
32293
32303
32312
32315
32324
32333
32345
32358
32367
32392
32402
32411
32415
32422
32443
32468
32475
32483
32537
32573
32600
32610
32621
32650
32658
32667
32676
32697
32722
32732
32740
32750
32758
32779
32790
32798
32829
32832
32839
32858
32880
32889
32908
32916
32924
32932
32941
32944
32954
32964
32975
32980
32993
33005
33036
33070
33079
33081
33090
33100
33109
33112
33120
33145
33155
33165
33169
33186
33219
33228
33240
33250
33258
33284
33297
33300
33311
33320
33325
33335
33344
33353
33383
33394
33418
33431
33443
33453
33463
33473
33486
33495
33502
33523
33543
33549
33566
33571
33590
33600
33626
33641
33646
33656
33667
33693
33704
33730
33752
33762
33770
33773
33798
33801
33820
33844
33871
33881
33889
33899
33907
33916
33923
33946
33950
33973
33998
34006
34031
34034
34063
34087
34106
34115
34127
34138
34150
34158
34166
34193
34204
34213
34221
34233
34266
34291
34307
34310
34319
34328
34337
34360
34385
34420
34430
34435
34446
34473
34482
34490
34498
34506
34515
34518
34547
34555
34565
34573
34594
34607
34608
34623
34632
34644
34675
34685
34713
34722
34750
34775
34783
34791
34798
34806
34813
34822
34831
34840
34850
34858
34867
34875
34882
34889
34911
34921
34951
34955
34965
34975
34985
34994
35003
35018
35027
35033
35042
35052
35062
35073
35079
35090
35093
35101
35111
35122
35131
35150
35163
35195
35205
35206
35216
35225
35234
35244
35253
35263
35273
35312
35316
35327
35336
35368
35405
35447
35457
35479
35504
35512
35541
35570
35575
35604
35628
35637
35647
35679
35698
35719
35722
35742
35745
35775
35787
35790
35798
35851
35861
35893
35909
35929
35939
35958
35969
35973
35985
35997
36022
36048
36076
36087
36098
36109
36120
36152
36160
36168
36177
36185
36214
36225
36257
36267
36276
36281
36284
36287
36316
36325
36334
36365
36393
36403
36410
36440
36457
36465
36504
36515
36518
36534
36546
36574
36582
36592
36604
36615
36632
36641
36674
36686
36696
36704
36713
36724
36759
36766
36774
36790
36800
36808
36842
36872
36886
36895
36903
36927
36956
36981
36991
37009
37028
37044
37110
37143
37167
37196
37208
37228
37252
37263
37284
37300
37316
37325
37354
37362
37386
37398
37407
37417
37431
37441
37476
37483
37491
37519
37529
37531
37559
37569
37577
37613
37621
37631
37661
37672
37682
37693
37702
37707
37733
37752
37767
37770
37799
37829
37834
37842
37861
37864
37884
37895
37920
37928
37939
37942
37951
37955
37974
37984
38003
38013
38025
38036
38039
38063
38074
38083
38115
38137
38168
38178
38208
38229
38237
38247
38256
38291
38303
38336
38361
38383
38413
38424
38433
38443
38471
38501
38510
38521
38532
38538
38568
38588
38597
38617
38624
38652
38660
38681
38690
38711
38719
38730
38740
38752
38772
38782
38791
38799
38804
38825
38854
38888
38898
38931
38934
38957
38967
38997
39009
39038
39067
39098
39125
39152
39159
39190
39219
39253
39256
39259
39288
39318
39350
39386
39389
39412
39422
39436
39443
39453
39485
39517
39526
39535
39565
39575
39585
39596
39626
39634
39642
39651
39661
39669
39680
39687
39698
39703
39712
39722
39731
39739
39749
39757
39768
39777
39790
39800
39811
39840
39869
39893
39902
39934
39963
39971
39983
39993
40023
40054
40086
40096
40105
40114
40123
40133
40142
40173
40183
40193
40203
40212
40237
40245
40257
40265
40286
40319
40328
40329
40354
40363
40372
40381
40390
40417
40426
40437
40447
40478
40487
40497
40523
40554
40584
40609
40619
40629
40638
40643
40663
40672
40697
40714
40744
40755
40763
40771
40779
40788
40798
40808
40817
40827
40837
40847
40856
40865
40874
40884
40895
40905
40916
40926
40936
40953
40963
40974
40984
40995
40999
41015
41042
41051
41079
41082
41110
41119
41134
41156
41184
41193
41199
41203
41220
41228
41235
41244
41268
41284
41293
41300
41304
41325
41335
41360
41374
41403
41412
41421
41423
41433
41444
41453
41465
41476
41489
41511
41538
41564
41589
41600
41609
41635
41648
41657
41663
41672
41673
41683
41693
41701
41710
41740
41749
41758
41782
41797
41808
41819
41828
41836
41858
41888
41898
41907
41914
41946
41955
41964
41989
41998
42007
42033
42042
42050
42060
42069
42078
42088
42097
42105
42114
42145
42174
42182
42190
42220
42230
42246
42255
42264
42274
42283
42293
42314
42340
42349
42360
42369
42378
42390
42400
42431
42473
42482
42492
42512
42522
42551
42554
42562
42586
42593
42602
42612
42620
42631
42640
42650
42662
42671
42676
42685
42715
42726
42735
42764
42775
42806
42816
42840
42849
42874
42883
42893
42924
42933
42943
42951
42955
42964
42985
42996
43005
43025
43035
43038
43067
43088
43117
43142
43153
43156
43165
43195
43201
43232
43264
43282
43288
43297
43306
43336
43363
43373
43381
43393
43401
43409
43418
43449
43476
43497
43512
43521
43549
43561
43570
43599
43608
43614
43623
43636
43642
43651
43661
43672
43683
43698
43709
43717
43727
43736
43760
43768
43776
43786
43797
43810
43820
43826
43856
43868
43878
43888
43897
43908
43938
43957
43983
43993
44005
44014
44026
44035
44064
44070
44071
44079
44108
44122
44132
44142
44151
44160
44168
44178
44187
44218
44230
44239
44245
44253
44263
44272
44281
44290
44299
44328
44336
44345
44349
44371
44381
44392
44401
44426
44453
44484
44515
44524
44533
44560
44568
44577
44588
44597
44608
44628
44637
44659
44667
44681
44694
44703
44712
44723
44733
44761
44788
44820
44829
44854
44878
44887
44917
44932
44947
44976
45006
45036
45052
45081
45090
45120
45123
45143
45152
45172
45181
45190
45200
45208
45239
45249
45253
45274
45304
45331
45339
45372
45396
45443
45446
45459
45470
45480
45493
45497
45500
45514
45522
45546
45553
45565
45575
45584
45590
45602
45611
45619
45631
45643
45644
45657
45675
45683
45686
45690
45696
45704
45711
45717
45728
45742
45752
45762
45768
45772
45776
45788
45796
45805
45813
45822
45826
45830
45836
45841
45852
45855
45865
45869
45879
45890
45900
45914
45924
45955
45967
45976
45993
46009
46014
46044
46058
46070
46071
46077
46085
46096
46125
46132
46154
46171
46177
46184
46188
46195
46204
46227
46237
46240
46248
46258
46259
46263
46271
46296
46305
46313
46320
46338
46341
46354
46376
46397
46405
46416
46427
46434
46442
46451
46463
46491
46497
46505
46515
46527
46533
46544
46550
46560
46563
46574
46598
46608
46616
46630
46635
46647
46657
46662
46673
46679
46685
46694
46717
46726
46740
46750
46760
46766
46794
46819
46838
46847
46855
46876
46899
46917
46924
46926
46931
46939
46949
46960
46970
46981
46990
46998
47007
47016
47021
47032
47040
47044
47055
47066
47076
47082
47102
47120
47129
47153
47163
47171
47181
47189
47218
47244
47255
47260
47278
47291
47299
47308
47316
47325
47328
47338
47346
47376
47385
47389
47390
47394
47403
47415
47425
47448
47458
47467
47477
47499
47505
47514
47520
47528
47531
47553
47585
47594
47603
47631
47634
47637
47642
47671
47687
47697
47705
47713
47726
47737
47755
47764
47768
47776
47784
47793
47804
47807
47814
47816
47843
47850
47859
47868
47896
47902
47912
47925
47936
47964
47970
47998
48015
48019
48029
48033
48039
48052
48056
48057
48087
48096
48109
48120
48131
48140
48149
48153
48161
48170
48183
48207
48216
48225
48234
48242
48251
48261
48284
48292
48294
48312
48321
48331
48335
48350
48359
48386
48412
48421
48433
48458
48462
48466
48471
48480
48484
48494
48505
48506
48516
48527
48537
48546
48556
48567
48577
48600
48609
48612
48621
48630
48634
48656
48669
48678
48687
48699
48719
48746
48775
48792
48805
48813
48821
48830
48840
48848
48861
48867
48886
48895
48906
48915
48940
48965
48975
48998
49021
49032
49040
49056
49061
49067
49092
49103
49112
49132
49151
49160
49185
49194
49221
49249
49265
49271
49279
49288
49298
49306
49320
49327
49340
49346
49353
49370
49388
49394
49404
49414
49442
49451
49459
49490
49497
49505
49511
49525
49534
49556
49583
49591
49599
49609
49632
49638
49652
49660
49671
49677
49689
49715
49723
49737
49745
49755
49769
49770
49792
49799
49805
49823
49831
49853
49865
49883
49904
49917
49922
49943
49952
49964
49978
49979
49982
49988
49991
50018
50028
50034
50042
50067
50076
50082
50092
50109
50112
50124
50137
50145
50154
50168
50178
50188
50197
50203
50207
50216
50220
50246
50268
50275
50284
50292
50301
50309
50317
50324
50332
50358
50364
50370
50374
50398
50408
50416
50425
50434
50459
50467
50476
50479
50487
50495
50521
50529
50537
50545
50554
50558
50566
50588
50598
50609
50635
50658
50664
50665
50675
50698
50724
50727
50753
50775
50784
50787
50796
50822
50830
50833
50861
50876
50884
50904
50926
50941
50951
50954
50955
50965
50968
50977
50998
51007
51010
51020
51024
51034
51043
51058
51076
51091
51105
51116
51136
51137
51140
51165
51173
51191
51199
51207
51235
51240
51262
51289
51297
51310
51355
51380
51391
51398
51407
51429
51439
51449
51459
51487
51507
51515
51525
51536
51549
51557
51567
51568
51603
51628
51643
51651
51659
51667
51676
51686
51696
51715
51746
51776
51788
51796
51805
51808
51811
51823
51832
51833
51845
51871
51879
51887
51897
51906
51916
51927
51937
51940
51967
51978
51986
51997
52006
52015
52026
52033
52043
52047
52057
52062
52066
52076
52083
52111
52131
52135
52143
52152
52166
52173
52196
52220
52258
52261
52286
52289
52298
52308
52329
52352
52385
52398
52401
52405
52435
52459
52466
52470
52478
52508
52531
52564
52575
52603
52613
52621
52629
52638
52647
52660
52669
52673
52681
52690
52698
52731
52750
52778
52811
52812
52814
52823
52832
52842
52851
52859
52869
52881
52905
52919
52932
52944
52955
52966
52974
52989
52997
53004
53007
53016
53019
53027
53036
53046
53054
53063
53072
53081
53112
53140
53148
53159
53168
53178
53198
53207
53233
53241
53249
53260
53279
53287
53296
53325
53330
53358
53378
53400
53442
53453
53463
53472
53485
53494
53502
53509
53521
53540
53557
53560
53579
53590
53596
53607
53617
53629
53640
53664
53675
53684
53697
53705
53710
53721
53730
53741
53750
53761
53774
53790
53801
53810
53826
53856
53886
53897
53925
53953
53963
53974
53977
54003
54011
54019
54028
54037
54042
54051
54054
54063
54077
54092
54101
54117
54131
54142
54168
54191
54199
54204
54213
54224
54231
54251
54255
54283
54304
54309
54312
54335
54349
54359
54368
54372
54378
54387
54396
54408
54423
54432
54442
54450
54460
54465
54483
54486
54493
54497
54505
54514
54524
54532
54543
54544
54557
54585
54595
54607
54616
54625
54637
54647
54666
54674
54696
54723
54732
54741
54770
54775
54783
54791
54792
54800
54811
54821
54830
54839
54850
54859
54870
54880
54888
54897
54906
54915
54924
54933
54942
54956
54966
54975
54985
54995
55007
55016
55026
55041
55060
55065
55077
55090
55117
55126
55134
55162
55178
55189
55208
55217
55227
55239
55248
55260
55282
55287
55303
55313
55318
55327
55336
55346
55355
55365
55376
55390
55420
55431
55436
55463
55473
55481
55491
55500
55505
55511
55520
55531
55541
55550
55561
55579
55593
55604
55614
55619
55639
55648
55658
55667
55681
55692
55702
55712
55722
55731
55745
55746
55768
55783
55796
55806
55814
55825
55843
55857
55871
55885
55894
55905
55917
55930
55940
55956
55970
55975
55984
55989
55995
56005
56020
56025
56034
56048
56062
56076
56086
56097
56109
56119
56128
56143
56154
56161
56173
56180
56190
56199
56212
56219
56229
56240
56247
56257
56268
56275
56284
56299
56308
56319
56328
56337
56347
56357
56371
56385
56393
56402
56418
56432
56446
56455
56465
56474
56483
56492
56499
56512
56516
56519
56537
56545
56559
56578
56583
56592
56603
56608
56617
56627
56632
56642
56648
56669
56679
56727
56741
56754
56770
56785
56795
56804
56807
56821
56826
56840
56861
56874
56883
56896
56904
56913
56921
56934
56936
56945
56957
56966
56974
56984
57001
57006
57015
57023
57026
57037
57047
57057
57066
57075
57084
57090
57101
57107
57115
57122
57130
57138
57168
57175
57181
57192
57201
57212
57215
57221
57243
57251
57257
57266
57276
57285
57294
57304
57314
57324
57333
57345
57363
57371
57380
57388
57396
57405
57413
57430
57439
57449
57458
57466
57488
57498
57499
57510
57527
57538
57545
57561
57571
57581
57590
57599
57608
57616
57625
57635
57654
57680
57687
57698
57720
57723
57728
57739
57748
57752
57766
57783
57786
57802
57811
57862
57869
57884
57919
57956
57964
57973
57987
57992
58006
58018
58023
58033
58068
58073
58081
58093
58125
58134
58146
58170
58173
58185
58193
58204
58215
58225
58235
58246
58254
58260
58269
58283
58287
58290
58300
58310
58318
58357
58362
58378
58388
58396
58403
58411
58419
58431
58442
58453
58461
58467
58477
58486
58494
58503
58509
58515
58525
58527
58536
58559
58582
58590
58605
58614
58623
58647
58650
58660
58688
58708
58737
58741
58747
58755
58763
58777
58779
58789
58799
58810
58822
58832
58856
58866
58876
58897
58914
58921
58928
58960
58970
58980
59015
59027
59036
59045
59053
59061
59071
59076
59087
59110
59111
59117
59135
59144
59175
59181
59192
59197
59206
59214
59231
59245
59254
59257
59262
59269
59275
59284
59294
59304
59313
59319
59327
59357
59360
59369
59375
59394
59397
59415
59424
59432
59435
59453
59480
59506
59519
59529
59539
59560
59571
59580
59589
59598
59616
59627
59636
59647
59662
59665
59674
59696
59700
59730
59740
59763
59796
59804
59839
59848
59852
59856
59864
59871
59879
59889
59900
59906
59916
59926
59936
59937
59947
59972
60006
60015
60022
60035
60045
60056
60062
60071
60084
60115
60122
60132
60146
60155
60156
60164
60172
60183
60191
60198
60216
60229
60233
60243
60252
60255
60265
60290
60293
60296
60306
60329
60339
60351
60360
60368
60376
60385
60396
60404
60430
60436
60437
60446
60450
60479
60490
60496
60506
60515
60518
60527
60534
60566
60577
60588
60598
60607
60616
60625
60636
60664
60670
60677
60683
60711
60720
60731
60732
60742
60751
60760
60769
60777
60780
60790
60799
60809
60817
60842
60850
60859
60885
60910
60925
60937
60947
60958
60966
60976
60984
61000
61002
61011
61020
61031
61041
61047
61057
61067
61074
61080
61091
61101
61109
61118
61139
61165
61192
61202
61231
61241
61248
61266
61272
61281
61282
61291
61300
61310
61320
61330
61340
61348
61355
61365
61373
61379
61385
61392
61402
61410
61416
61428
61437
61447
61472
61479
61489
61502
61511
61519
61528
61537
61544
61553
61560
61561
61571
61574
61583
61592
61600
61614
61624
61636
61645
61653
61663
61672
61685
61697
61706
61715
61725
61751
61758
61777
61787
61798
61803
61813
61839
61848
61859
61867
61874
61879
61885
61906
61915
61943
61951
61960
61970
61981
61993
62003
62013
62022
62033
62043
62055
62065
62075
62087
62097
62105
62113
62122
62136
62162
62172
62184
62193
62202
62211
62239
62248
62258
62268
62288
62297
62307
62316
62320
62330
62338
62346
62374
62383
62395
62396
62410
62438
62461
62470
62479
62488
62496
62504
62519
62526
62533
62540
62551
62560
62568
62576
62584
62598
62604
62620
62677
62686
62696
62705
62714
62746
62766
62775
62781
62792
62800
62803
62811
62836
62845
62854
62864
62874
62885
62893
62894
62900
62909
62928
62931
62941
62951
62956
62962
62983
62992
63002
63008
63020
63027
63031
63057
63069
63077
63103
63111
63121
63133
63142
63152
63161
63170
63171
63179
63187
63196
63206
63230
63245
63253
63261
63264
63274
63288
63296
63309
63317
63326
63336
63347
63357
63366
63372
63381
63409
63423
63432
63442
63443
63456
63459
63488
63497
63506
63513
63516
63531
63534
63544
63552
63556
63561
63587
63590
63618
63628
63639
63648
63677
63680
63688
63699
63708
63716
63726
63747
63756
63770
63791
63798
63801
63810
63813
63824
63846
63871
63873
63881
63904
63914
63922
63940
63957
63974
63982
63993
64001
64035
64038
64067
64074
64075
64084
64103
64113
64125
64152
64161
64170
64179
64187
64194
64212
64221
64238
64247
64256
64260
64263
64277
64302
64311
64315
64332
64335
64345
64362
64365
64375
64386
64387
64399
64413
64420
64430
64447
64457
64463
64473
64482
64492
64501
64512
64528
64537
64547
64555
64564
64574
64578
64589
64599
64608
64619
64628
64637
64646
64655
64664
64676
64679
64689
64708
64717
64729
64741
64755
64766
64777
64794
64803
64812
64820
64834
64844
64852
64862
64877
64886
64895
64906
64912
64922
64929
64943
64953
64962
64973
64983
64992
65004
65013
65024
65034
65044
65053
65062
65074
65083
65093
65104
65113
65123
65135
65147
65148
65159
65169
65179
65190
65200
65212
65216
65225
65234
65245
65257
65267
65277
65286
65296
65306
65315
65324
65335
65346
65358
65368
65377
65386
65396
65408
65417
65425
65426
65436
65448
65452
65461
65475
65487
65496
65516
65524
65533
65543
65554
65564
65576
65585
65594
65599
65608
65617
65626
65637
65652
65662
65672
65684
65696
65707
65709
65719
65729
65739
65751
65761
65772
65781
65790
65799
65810
65820
65829
65839
65848
65858
65867
65878
65887
65896
65908
65912
65923
65928
65938
65941
65943
65955
65964
65976
65986
65995
66004
66013
66022
66032
66041
66050
66059
66068
66093
66102
66112
66123
66133
66142
66151
66160
66169
66181
66191
66200
66201
66210
66215
66224
66233
66264
66267
66275
66284
66289
66299
66313
66319
66322
66331
66340
66350
66361
66372
66381
66393
66415
66427
66437
66448
66457
66466
66468
66480
66489
66498
66508
66519
66529
66539
66550
66560
66569
66579
66589
66599
66608
66620
66629
66638
66647
66656
66665
66674
66683
66692
66702
66713
66723
66732
66741
66744
66750
66759
66768
66777
66787
66790
66799
66814
66825
66835
66844
66853
66862
66874
66884
66896
66907
66918
66928
66939
66953
66979
66986
67005
67018
67033
67042
67047
67057
67070
67079
67088
67097
67106
67115
67124
67133
67143
67152
67164
67175
67184
67193
67203
67213
67222
67232
67241
67242
67251
67260
67269
67279
67288
67298
67308
67319
67329
67341
67351
67361
67370
67379
67389
67399
67408
67417
67426
67435
67444
67453
67462
67472
67481
67490
67501
67511
67520
67529
67539
67541
67550
67560
67566
67575
67586
67596
67607
67615
67625
67636
67645
67654
67666
67676
67685
67694
67703
67712
67721
67733
67743
67753
67762
67779
67789
67799
67800
67810
67820
67829
67836
67842
67851
67858
67867
67894
67903
67912
67921
67930
67941
67951
67960
67966
67975
67984
67993
68000
68009
68018
68035
68044
68053
68062
68071
68079
68081
68090
68099
68100
68110
68121
68130
68140
68149
68158
68167
68176
68185
68195
68205
68214
68223
68232
68241
68250
68259
68268
68277
68287
68296
68305
68315
68326
68337
68344
68354
68364
68375
68386
68395
68404
68413
68422
68423
68432
68442
68448
68457
68467
68473
68476
68485
68494
68503
68512
68522
68531
68540
68549
68559
68568
68577
68586
68595
68600
68609
68618
68644
68655
68665
68677
68686
68695
68705
68714
68715
68724
68734
68744
68754
68759
68768
68779
68782
68791
68808
68818
68827
68831
68841
68849
68863
68872
68883
68892
68902
68914
68927
68936
68949
68960
68969
68980
68990
68991
69000
69010
69019
69030
69039
69048
69058
69067
69076
69088
69098
69109
69118
69127
69137
69146
69156
69165
69174
69183
69192
69198
69207
69216
69225
69235
69242
69251
69262
69273
69283
69295
69307
69315
69325
69338
69349
69359
69368
69378
69388
69398
69407
69416
69427
69437
69450
69459
69469
69478
69487
69497
69505
69515
69525
69539
69548
69550
69559
69567
69577
69587
69598
69607
69619
69630
69640
69650
69658
69667
69677
69686
69694
69702
69711
69722
69733
69742
69754
69765
69771
69782
69794
69803
69813
69824
69833
69834
69843
69852
69864
69873
69882
69892
69902
69912
69920
69948
69965
69974
69983
70011
70021
70030
70039
70048
70057
70066
70075
70084
70093
70102
70111
70122
70128
70139
70148
70151
70161
70171
70182
70191
70200
70205
70211
70218
70242
70273
70279
70288
70300
70306
70312
70321
70331
70341
70359
70371
70378
70383
70392
70419
70422
70430
70442
70451
70454
70468
70477
70487
70498
70508
70517
70524
70534
70546
70555
70566
70569
70578
70586
70598
70608
70618
70627
70636
70645
70668
70681
70690
70695
70722
70730
70738
70765
70776
70785
70794
70804
70805
70816
70825
70830
70833
70842
70851
70862
70872
70875
70884
70893
70902
70912
70921
70937
70947
70957
70966
70975
70986
70997
71007
71016
71025
71035
71048
71057
71069
71070
71075
71081
71091
71095
71104
71110
71116
71127
71136
71146
71155
71164
71168
71181
71190
71199
71212
71221
71232
71247
71250
71259
71268
71277
71287
71296
71305
71315
71324
71335
71345
71346
71355
71364
71373
71383
71394
71403
71412
71422
71431
71440
71451
71460
71469
71478
71488
71499
71509
71518
71527
71538
71547
71557
71566
71585
71594
71603
71613
71622
71631
71632
71641
71651
71663
71672
71681
71687
71698
71707
71715
71724
71733
71742
71753
71760
71769
71778
71790
71799
71808
71818
71835
71845
71854
71864
71874
71882
71891
71902
71909
71918
71928
71929
71939
71949
71958
71966
71975
71984
71992
72002
72011
72020
72029
72044
72056
72071
72078
72085
72094
72103
72112
72122
72131
72140
72149
72158
72168
72178
72180
72190
72197
72201
72210
72219
72230
72237
72248
72259
72269
72278
72285
72294
72303
72312
72321
72331
72339
72349
72359
72369
72375
72385
72392
72400
72410
72420
72429
72436
72445
72455
72464
72465
72474
72483
72517
72527
72539
72566
72577
72587
72596
72623
72632
72658
72668
72679
72688
72699
72709
72720
72730
72739
72748
72758
72759
72768
72776
72787
72796
72807
72816
72826
72835
72844
72854
72863
72868
72878
72888
72898
72907
72912
72921
72930
72943
72952
72961
72970
72980
72989
72999
73008
73017
73023
73032
73034
73043
73048
73066
73076
73085
73095
73105
73114
73123
73135
73144
73155
73164
73173
73180
73191
73201
73207
73216
73225
73234
73243
73252
73261
73272
73281
73294
73310
73329
73339
73360
73369
73378
73387
73397
73406
73415
73423
73432
73441
73451
73461
73470
73473
73485
73492
73503
73513
73522
73530
73539
73542
73545
73556
73565
73580
73582
73591
73600
73610
73614
73623
73632
73641
73651
73661
73671
73681
73690
73699
73708
73718
73727
73735
73761
73772
73781
73794
73805
73815
73824
73834
73843
73856
73866
73875
73876
73885
73896
73908
73917
73935
73950
73963
73968
73977
73987
73996
74015
74028
74038
74047
74056
74073
74082
74093
74104
74113
74123
74132
74134
74145
74155
74164
74173
74183
74193
74202
74212
74224
74234
74239
74248
74258
74269
74278
74287
74296
74305
74315
74325
74336
74346
74357
74366
74375
74385
74396
74407
74416
74426
74428
74437
74446
74456
74465
74482
74496
74506
74523
74532
74543
74553
74562
74573
74582
74591
74603
74612
74625
74635
74641
74645
74654
74664
74676
74686
74695
74704
74705
74714
74723
74734
74743
74752
74764
74773
74783
74789
74798
74808
74817
74830
74839
74849
74859
74868
74877
74886
74895
74905
74914
74923
74932
74941
74949
74958
74967
74976
74977
74986
74995
75007
75031
75041
75051
75058
75067
75077
75086
75095
75105
75115
75124
75133
75167
75177
75186
75195
75204
75215
75224
75233
75244
75245
75255
75261
75270
75280
75289
75299
75308
75318
75328
75338
75349
75359
75369
75382
75392
75402
75405
75415
75425
75436
75458
75467
75476
75487
75488
75494
75503
75512
75522
75531
75543
75552
75561
75572
75581
75595
75599
75609
75621
75631
75652
75661
75670
75680
75690
75700
75712
75721
75733
75743
75752
75762
75763
75773
75787
75796
75805
75814
75823
75832
75839
75848
75859
75866
75875
75883
75893
75899
75907
75916
75927
75936
75945
75954
75965
75974
75981
75991
75997
76006
76015
76025
76035
76045
76054
76064
76073
76082
76083
76094
76103
76112
76122
76132
76142
76153
76162
76174
76184
76196
76209
76219
76229
76238
76249
76259
76267
76278
76289
76298
76307
76316
76326
76328
76341
76353
76362
76370
76379
76388
76397
76406
76415
76425
76436
76446
76449
76471
76480
76483
76491
76505
76516
76546
76556
76572
76581
76593
76594
76604
76614
76624
76633
76641
76644
76651
76662
76688
76698
76707
76734
76743
76769
76779
76788
76813
76828
76837
76852
76881
76890
76891
76900
76910
76921
76932
76950
76959
76967
76978
76988
77015
77027
77037
77045
77077
77084
77090
77100
77109
77117
77140
77167
77196
77201
77219
77226
77237
77260
77279
77312
77320
77350
77357
77365
77374
77385
77396
77417
77425
77435
77445
77473
77480
77494
77506
77517
77525
77536
77555
77575
77584
77594
77605
77623
77632
77641
77649
77658
77686
77695
77720
77752
77761
77772
77773
77788
77797
77805
77821
77831
77842
77853
77865
77874
77883
77888
77912
77922
77932
77943
77952
77961
77991
78002
78003
78012
78028
78034
78043
78070
78098
78125
78132
78140
78150
78159
78167
78176
78194
78205
78220
78232
78255
78265
78274
78281
78282
78292
78304
78317
78327
78335
78343
78349
78375
78402
78425
78434
78460
78468
78497
78514
78522
78545
78556
78567
78576
78580
78588
78590
78600
78608
78635
78661
78671
78681
78690
78716
78725
78735
78744
78753
78757
78768
78779
78788
78799
78808
78817
78827
78837
78848
78857
78865
78866
78892
78902
78929
78938
78949
78962
78972
78982
78992
79021
79029
79054
79075
79086
79114
79124
79137
79167
79168
79172
79181
79189
79198
79208
79217
79225
79235
79243
79270
79296
79307
79316
79325
79336
79345
79355
79383
79393
79404
79414
79424
79433
79443
79453
79454
79459
79470
79478
79501
79503
79527
79554
79565
79594
79611
79631
79665
79668
79675
79698
79699
79728
79739
79749
79756
79763
79781
79791
79804
79814
79843
79853
79861
79872
79881
79890
79898
79908
79916
79925
79932
79939
79948
79956
79965
79973
79994
79995
80002
80011
80019
80028
80037
80047
80057
80067
80079
80088
80098
80106
80114
80121
80128
80134
80144
80153
80162
80171
80179
80187
80197
80210
80219
80228
80255
80256
80266
80284
80306
80316
80331
80333
80339
80342
80347
80355
80364
80391
80400
80409
80417
80425
80434
80442
80453
80459
80470
80481
80501
80502
80504
80512
80520
80530
80535
80544
80553
80558
80567
80576
80586
80592
80614
80633
80637
80663
80687
80709
80726
80735
80743
80751
80759
80760
80766
80775
80784
80795
80802
80807
80813
80819
80822
80850
80873
80891
80903
80911
80921
80932
80962
80972
80981
80989
80991
81016
81021
81028
81038
81047
81055
81064
81072
81111
81119
81131
81153
81162
81172
81181
81189
81190
81199
81204
81208
81217
81226
81256
81264
81274
81284
81302
81310
81319
81328
81336
81345
81354
81360
81368
81376
81384
81393
81402
81412
81442
81451
81460
81469
81481
81485
81509
81528
81548
81557
81580
81586
81589
81592
81601
81609
81635
81653
81663
81671
81691
81718
81728
81738
81750
81751
81763
81771
81781
81789
81804
81828
81834
81839
81848
81857
81883
81902
81918
81925
81933
81942
81954
81963
81973
81981
81983
81991
81999
82012
82020
82029
82046
82054
82068
82078
82087
82095
82124
82152
82179
82198
82204
82215
82225
82235
82245
82255
82285
82296
82320
82333
82340
82357
82367
82386
82396
82405
82414
82423
82451
82454
82458
82464
82468
82478
82481
82482
82486
82489
82497
82505
82510
82519
82545
82553
82562
82573
82585
82612
82621
82628
82636
82691
82700
82728
82738
82756
82767
82775
82798
82801
82826
82852
82862
82902
82910
82918
82945
82963
83229
83239
83280
83290
83317
83321
83331
83334
83339
83342
83357
83387
83396
83406
83416
83445
83456
83464
83472
83478
83485
83488
83498
83509
83512
83530
83551
83557
83568
83577
83586
83613
83622
83627
83636
83646
83655
83696
83722
83735
83746
83747
83753
83767
83781
83806
83816
83819
83824
83832
83856
83881
83886
83918
83929
83939
83940
83950
83959
83984
84003
84014
84023
84049
84059
84068
84089
84100
84110
84120
84130
84135
84145
84163
84171
84180
84188
84199
84207
84215
84240
84245
84270
84285
84294
84316
84332
84353
84363
84373
84383
84404
84429
84438
84441
84452
84480
84489
84499
84507
84515
84516
84526
84534
84561
84589
84598
84621
84647
84650
84677
84684
84695
84722
84750
84759
84777
84785
84795
84797
84812
84820
84849
84858
84878
84882
84886
84893
84913
84931
84959
84969
85001
85011
85022
85032
85044
85054
85060
85071
85082
85100
85107
85116
85123
85152
85164
85167
85175
85193
85219
85249
85258
85287
85307
85317
85320
85321
85348
85366
85401
85427
85445
85473
85500
85514
85524
85535
85552
85569
85579
85610
85619
85647
85671
85695
85700
85725
85751
85759
85765
85774
85784
85792
85833
85848
85849
85857
85880
85905
85913
85941
85966
85974
85983
85994
86003
86012
86041
86051
86062
86071
86081
86089
86097
86106
86118
86130
86141
86150
86160
86187
86199
86228
86252
86264
86269
86272
86293
86304
86315
86328
86359
86367
86379
86405
86413
86424
86451
86461
86466
86476
86486
86495
86517
86536
86558
86581
86610
86633
86644
86653
86660
86666
86679
86701
86707
86715
86725
86737
86747
86757
86761
86770
86802
86824
86832
86861
86883
86900
86930
86931
86942
86950
86959
86969
86981
86990
87000
87013
87031
87042
87052
87059
87067
87074
87084
87096
87105
87112
87121
87129
87136
87144
87148
87156
87165
87175
87186
87207
87213
87221
87227
87235
87248
87264
87272
87280
87286
87294
87320
87331
87341
87351
87358
87364
87370
87380
87386
87390
87391
87397
87405
87419
87428
87436
87442
87451
87457
87465
87471
87479
87486
87494
87500
87513
87521
87530
87538
87544
87552
87558
87569
87577
87585
87593
87599
87601
87608
87614
87624
87634
87644
87656
87664
87671
87679
87689
87695
87705
87717
87723
87731
87738
87745
87751
87759
87769
87777
87785
87791
87801
87807
87813
87819
87830
87838
87844
87852
87866
87873
87884
87892
87898
87907
87913
87919
87929
87936
87943
87949
87961
87969
87975
87981
87984
87997
88006
88015
88022
88029
88034
88040
88046
88052
88058
88065
88074
88081
88088
88094
88103
88112
88120
88126
88132
88139
88149
88159
88169
88177
88184
88193
88220
88228
88234
88243
88250
88259
88269
88279
88287
88291
88298
88304
88311
88316
88324
88333
88338
88348
88352
88361
88369
88378
88387
88388
88397
88404
88423
88449
88455
88458
88465
88478
88484
88489
88495
88507
88513
88519
88526
88533
88543
88549
88557
88565
88575
88583
88597
88598
88604
88610
88617
88623
88629
88638
88644
88671
88682
88688
88696
88704
88713
88719
88725
88734
88740
88750
88756
88765
88778
88784
88791
88797
88798
88807
88814
88820
88829
88844
88851
88861
88872
88890
88896
88902
88911
88919
88925
88931
88938
88944
88950
88958
88971
88981
88990
88991
88998
89004
89010
89016
89024
89033
89039
89046
89053
89059
89066
89072
89079
89085
89091
89098
89106
89114
89122
89132
89140
89146
89157
89163
89169
89176
89182
89190
89192
89198
89204
89212
89220
89229
89239
89245
89252
89262
89269
89275
89284
89290
89296
89305
89311
89317
89323
89329
89335
89362
89375
89385
89395
89403
89418
89421
89431
89437
89463
89471
89499
89508
89517
89524
89531
89540
89549
89556
89584
89591
89597
89605
89609
89616
89625
89629
89630
89636
89642
89648
89656
89665
89672
89678
89685
89691
89697
89703
89716
89723
89742
89748
89754
89760
89766
89774
89782
89789
89797
89803
89812
89819
89825
89834
89841
89850
89857
89867
89877
89884
89892
89902
89909
89918
89934
89942
89950
89958
89964
89971
89977
90004
90010
90018
90024
90030
90038
90044
90050
90056
90058
90064
90070
90077
90083
90089
90095
90101
90111
90117
90123
90132
90138
90144
90161
90169
90175
90182
90190
90196
90204
90210
90218
90225
90231
90245
90252
90258
90266
90272
90278
90285
90291
90297
90306
90312
90318
90324
90330
90338
90344
90350
90356
90360
90382
90392
90399
90405
90411
90417
90423
90429
90435
90436
90443
90452
90455
90463
90469
90477
90483
90489
90497
90503
90509
90516
90527
90530
90537
90545
90552
90560
90564
90574
90583
90590
90596
90602
90605
90611
90617
90623
90629
90639
90640
90646
90652
90659
90665
90672
90679
90689
90695
90703
90709
90715
90720
90727
90734
90740
90748
90756
90762
90769
90772
90778
90784
90788
90795
90801
90808
90818
90825
90826
90832
90838
90844
90862
90869
90876
90879
90886
90893
90897
90903
90911
90917
90924
90932
90938
90947
90950
90956
90964
90968
90974
90981
90988
90997
91002
91009
91017
91018
91024
91028
91031
91035
91043
91050
91056
91066
91072
91079
91098
91110
91117
91122
91128
91134
91140
91146
91152
91159
91165
91171
91177
91190
91191
91197
91203
91211
91221
91227
91234
91240
91250
91256
91262
91268
91275
91281
91287
91293
91299
91306
91314
91317
91325
91331
91340
91346
91352
91360
91366
91374
91375
91384
91390
91396
91404
91411
91417
91425
91432
91438
91444
91452
91458
91466
91474
91478
91484
91490
91497
91503
91511
91517
91527
91534
91541
91547
91556
91564
91570
91579
91580
91589
91595
91602
91608
91614
91622
91625
91631
91637
91644
91650
91656
91662
91670
91678
91694
91700
91707
91713
91719
91725
91731
91737
91743
91749
91755
91756
91762
91768
91779
91789
91792
91798
91806
91812
91818
91824
91831
91837
91843
91849
91855
91861
91872
91878
91884
91890
91897
91903
91909
91917
91923
91932
91938
91946
91948
91954
91963
91972
91983
91991
91995
92001
92010
92019
92027
92050
92054
92066
92075
92085
92095
92107
92117
92126
92136
92147
92158
92169
92177
92178
92187
92196
92204
92215
92224
92229
92237
92246
92255
92264
92273
92281
92291
92299
92307
92316
92327
92336
92345
92354
92362
92370
92381
92405
92414
92422
92423
92432
92436
92444
92454
92465
92475
92483
92491
92500
92510
92515
92524
92534
92545
92555
92560
92571
92581
92592
92603
92613
92622
92628
92638
92649
92657
92668
92680
92690
92694
92713
92716
92723
92733
92744
92753
92764
92774
92788
92798
92810
92821
92831
92835
92843
92849
92857
92865
92873
92884
92894
92899
92907
92908
92920
92933
92941
92952
92961
92971
92974
92982
92991
93002
93011
93022
93027
93035
93041
93048
93056
93064
93072
93080
93088
93097
93105
93113
93121
93127
93135
93136
93145
93152
93161
93168
93174
93183
93191
93197
93203
93207
93216
93229
93237
93254
93262
93270
93277
93285
93291
93298
93308
93314
93320
93329
93338
93342
93352
93358
93368
93376
93384
93392
93399
93407
93415
93423
93433
93437
93445
93453
93466
93473
93481
93489
93499
93508
93510
93519
93528
93536
93544
93553
93563
93571
93579
93588
93597
93605
93614
93623
93634
93642
93646
93654
93662
93671
93679
93688
93696
93704
93713
93720
93721
93725
93733
93741
93749
93758
93766
93774
93782
93790
93817
93825
93833
93841
93850
93859
93872
93880
93892
93900
93909
93918
93926
93930
93938
93949
93964
93973
93980
93986
93994
94003
94012
94022
94030
94039
94048
94057
94058
94066
94076
94083
94091
94099
94108
94117
94137
94145
94153
94161
94169
94177
94185
94193
94201
94211
94219
94228
94240
94251
94260
94270
94278
94286
94297
94310
94316
94324
94332
94340
94349
94357
94366
94374
94380
94391
94401
94411
94419
94429
94430
94441
94450
94461
94469
94478
94486
94497
94508
94518
94527
94535
94544
94550
94559
94567
94574
94582
94609
94615
94623
94624
94631
94640
94648
94656
94665
94673
94682
94690
94700
94708
94716
94725
94734
94743
94758
94766
94774
94778
94786
94787
94816
94823
94831
94840
94847
94871
94876
94881
94894
94908
94914
94918
94927
94936
94945
94955
94964
94971
94972
94985
94994
95009
95018
95045
95062
95080
95098
95108
95119
95132
95154
95164
95173
95186
95213
95222
95223
95234
95245
95254
95263
95272
95281
95290
95301
95310
95324
95334
95344
95354
95365
95376
95386
95397
95408
95417
95429
95439
95450
95461
95465
95475
95485
95495
95506
95515
95524
95533
95542
95551
95560
95569
95581
95590
95603
95619
95628
95636
95643
95657
95669
95681
95683
95692
95701
95713
95724
95735
95745
95756
95766
95775
95786
95795
95805
95814
95823
95832
95844
95855
95864
95873
95882
95892
95901
95910
95914
95923
95932
95945
95954
95973
95983
95990
96001
96011
96027
96033
96042
96051
96060
96069
96077
96089
96098
96107
96115
96124
96127
96136
96146
96156
96165
96174
96183
96193
96202
96211
96220
96230
96240
96250
96259
96268
96277
96289
96299
96310
96319
96328
96343
96356
96357
96368
96378
96388
96398
96407
96417
96427
96436
96446
96456
96465
96474
96483
96492
96501
96510
96519
96528
96542
96551
96561
96570
96579
96588
96597
96598
96608
96618
96628
96640
96652
96662
96673
96682
96691
96700
96709
96719
96729
96739
96748
96757
96766
96775
96784
96795
96808
96818
96828
96829
96840
96850
96860
96870
96881
96891
96900
96909
96919
96929
96938
96948
96958
96968
96978
96987
96997
97008
97018
97028
97038
97048
97059
97060
97071
97080
97091
97101
97116
97129
97138
97147
97165
97176
97185
97194
97200
97206
97211
97219
97225
97231
97238
97246
97254
97256
97266
97272
97277
97287
97295
97328
97339
97348
97358
97369
97378
97396
97404
97415
97418
97447
97454
97462
97463
97467
97493
97502
97512
97517
97545
97551
97560
97563
97569
97574
97580
97587
97593
97606
97615
97625
97635
97642
97652
97658
97664
97672
97679
97682
97697
97703
97711
97725
97733
97743
97749
97760
97769
97777
97786
97797
97806
97816
97825
97834
97843
97853
97862
97875
97884
97885
97896
97906
97917
97926
97939
97949
97959
97969
97984
97991
98001
98007
98016
98028
98039
98049
98059
98073
98085
98097
98107
98108
98118
98130
98142
98153
98163
98174
98185
98195
98205
98221
98230
98241
98252
98258
98268
98279
98292
98303
98314
98325
98339
98350
98352
98362
98374
98386
98397
98407
98416
98426
98436
98446
98455
98465
98476
98485
98496
98506
98515
98525
98534
98544
98557
98567
98577
98579
98589
98599
98605
98615
98627
98644
98656
98666
98676
98686
98695
98705
98715
98726
98737
98748
98755
98766
98778
98790
98801
98811
98822
98824
98835
98845
98855
98865
98879
98889
98899
98909
98923
98933
98949
98960
98971
98982
98988
98998
99008
99019
99029
99039
99062
99075
99087
99098
99109
99119
99129
99139
99149
99160
99172
99181
99195
99205
99215
99225
99235
99246
99257
99271
99283
99293
99304
99314
99324
99325
99335
99345
99357
99370
99383
99396
99407
99417
99427
99439
99454
99467
99482
99491
99503
99514
99524
99535
99546
99557
99579
99592
99603
99613
99623
99633
99644
99655
99674
99684
99698
99709
99721
99731
99741
99766
99779
99780
99800
99810
99821
99832
99842
99852
99863
99873
99883
99893
99903
99914
99923
99934
99945
99955
99965
99976
99986
99996
100006
100016
100025
100042
100043
100052
100062
100072
100085
100096
100106
100116
100126
100137
100147
100158
100168
100178
100189
100200
100211
100220
100232
100243
100254
100265
100275
100286
100297
100310
100321
100322
100332
100342
100359
100369
100379
100389
100399
100409
100419
100429
100442
100453
100463
100473
100483
100495
100506
100516
100526
100535
100546
100559
100569
100584
100594
100604
100628
100638
100648
100658
100669
100681
100692
100702
100712
100723
100738
100748
100760
100770
100781
100801
100812
100813
100824
100834
100845
100855
100865
100874
100884
100902
100912
100923
100933
100944
100954
100965
100975
100986
100996
101006
101016
101026
101039
101050
101061
101062
101071
101081
101090
101100
101110
101120
101137
101148
101159
101169
101179
101192
101202
101212
101222
101231
101240
101251
101263
101273
101284
101295
101303
101314
101322
101332
101333
101346
101357
101368
101375
101385
101398
101408
101422
101432
101442
101458
101468
101480
101491
101501
101512
101522
101532
101544
101555
101565
101585
101596
101613
101624
101635
101647
101662
101671
101681
101691
101702
101713
101723
101737
101746
101762
101772
101782
101792
101793
101803
101815
101826
101836
101846
101857
101868
101878
101888
101900
101910
101921
101932
101944
101956
101966
101977
101987
101996
102007
102016
102027
102038
102050
102060
102072
102082
102095
102108
102121
102132
102141
102153
102165
102176
102182
102193
102202
102213
102224
102233
102251
102264
102274
102284
102293
102303
102315
102325
102335
102337
102346
102358
102368
102379
102389
102399
102412
102422
102434
102444
102455
102465
102475
102484
102494
102500
102517
102528
102542
102552
102563
102564
102573
102584
102594
102604
102616
102626
102636
102645
102654
102663
102672
102681
102690
102700
102709
102718
102736
102745
102754
102763
102764
102773
102783
102792
102801
102810
102820
102829
102838
102847
102855
102865
102874
102883
102892
102901
102911
102920
102932
102941
102951
102960
102971
102980
102990
103000
103013
103021
103030
103042
103048
103055
103062
103080
103109
103136
103144
103154
103163
103173
103181
103192
103195
103209
103217
103227
103233
103238
103247
103256
103265
103279
103288
103291
103312
103320
103329
103339
103348
103357
103366
103376
103388
103394
103405
103408
103417
103426
103435
103444
103453
103462
103471
103482
103492
103503
103517
103531
103541
103554
103565
103575
103585
103606
103616
103626
103637
103638
103648
103657
103667
103677
103688
103698
103708
103719
103730
103740
103750
103760
103770
103780
103791
103800
103810
103820
103831
103841
103850
103860
103870
103880
103882
103894
103904
103914
103925
103935
103945
103955
103967
103977
103989
103999
104011
104021
104030
104039
104048
104058
104068
104084
104094
104104
104114
104124
104125
104135
104147
104161
104185
104197
104207
104219
104228
104238
104249
104262
104273
104285
104295
104305
104315
104327
104337
104347
104359
104369
104379
104380
104390
104400
104411
104421
104431
104441
104451
104461
104470
104484
104496
104509
104520
104534
104543
104553
104562
104572
104583
104594
104604
104605
104615
104627
104638
104649
104660
104670
104680
104691
104700
104710
104725
104735
104745
104756
104767
104778
104789
104800
104803
104815
104825
104832
104838
104850
104860
104870
104871
104883
104892
104902
104911
104921
104931
104942
104952
104962
104973
104984
104996
105006
105016
105029
105039
105049
105060
105071
105082
105085
105096
105107
105120
105131
105142
105156
105160
105170
105182
105194
105204
105215
105219
105230
105243
105252
105262
105272
105283
105294
105304
105316
105326
105336
105349
105363
105373
105385
105394
105405
105415
105416
105426
105436
105447
105459
105469
105479
105490
105500
105512
105522
105532
105543
105553
105562
105576
105586
105596
105609
105621
105631
105632
105642
105657
105667
105679
105689
105700
105710
105720
105730
105741
105751
105761
105772
105784
105794
105806
105819
105830
105843
105856
105865
105879
105891
105902
105912
105922
105932
105942
105953
105963
105974
105987
106002
106014
106033
106044
106054
106067
106078
106088
106098
106100
106110
106120
106134
106144
106156
106168
106178
106188
106198
106208
106218
106228
106239
106249
106259
106269
106279
106291
106308
106320
106330
106340
106350
106362
106372
106386
106394
106405
106415
106427
106439
106450
106461
106471
106486
106496
106506
106516
106528
106540
106550
106561
106576
106586
106596
106607
106618
106629
106631
106642
106652
106662
106672
106682
106695
106705
106715
106718
106731
106743
106751
106761
106771
106781
106791
106800
106810
106821
106832
106850
106863
106873
106895
106905
106913
106923
106933
106945
106956
106966
106976
106989
107000
107010
107020
107030
107039
107051
107066
107075
107085
107098
107108
107118
107128
107130
107141
107152
107164
107176
107186
107196
107209
107219
107230
107247
107257
107269
107273
107283
107293
107303
107314
107324
107334
107344
107354
107364
107365
107377
107388
107398
107409
107425
107435
107445
107454
107465
107475
107485
107496
107506
107516
107525
107535
107545
107555
107566
107576
107589
107599
107611
107623
107633
107642
107646
107656
107666
107677
107686
107696
107699
107709
107720
107728
107740
107752
107763
107775
107782
107792
107802
107812
107822
107832
107842
107852
107862
107873
107885
107886
107896
107906
107918
107929
107939
107948
107958
107969
107980
107990
108002
108013
108023
108030
108040
108052
108062
108072
108082
108092
108101
108111
108112
108122
108133
108143
108154
108165
108176
108185
108195
108205
108215
108225
108235
108246
108256
108266
108276
108292
108303
108323
108333
108343
108353
108365
108376
108377
108388
108398
108407
108416
108425
108438
108448
108459
108470
108478
108488
108498
108510
108523
108535
108545
108555
108565
108574
108586
108596
108597
108608
108622
108632
108644
108653
108663
108676
108685
108694
108704
108715
108724
108733
108742
108754
108763
108775
108785
108798
108803
108812
108813
108822
108831
108841
108849
108858
108866
108873
108882
108893
108901
108911
108922
108931
108940
108948
108960
108968
108976
108985
109000
109001
109011
109022
109031
109042
109052
109061
109072
109081
109090
109100
109109
109118
109129
109138
109144
109154
109164
109173
109186
109195
109204
109213
109215
109224
109232
109241
109249
109257
109300
109336
109345
109354
109367
109376
109377
109387
109396
109407
109416
109425
109443
109453
109461
109470
109481
109500
109509
109520
109529
109539
109547
109557
109566
109575
109576
109588
109600
109609
109621
109630
109645
109655
109664
109673
109683
109693
109703
109712
109722
109731
109744
109753
109763
109772
109781
109784
109793
109818
109827
109836
109863
109871
109882
109886
109896
109910
109919
109928
109936
109941
109947
109957
109966
109975
109977
109993
109999
110005
110018
110024
110033
110040
110047
110057
110066
110075
110082
110107
110115
110125
110133
110143
110145
110168
110189
110198
110207
110218
110226
110240
110264
110272
110280
110288
110309
110313
110323
110335
110339
110346
110354
110361
110377
110382
110389
110396
110410
110417
110427
110436
110444
110445
110453
110461
110466
110477
110487
110493
110501
110510
110518
110526
110534
110542
110550
110564
110572
110583
110591
110607
110615
110616
110623
110629
110637
110642
110650
110658
110661
110670
110684
110693
110703
110712
110721
110729
110737
110742
110751
110759
110767
110770
110778
110786
110794
110801
110809
110812
110820
110828
110836
110844
110852
110863
110871
110879
110888
110896
110904
110912
110922
110932
110943
110951
110959
110967
110980
110988
110990
110998
111006
111014
111024
111032
111041
111049
111057
111066
111076
111092
111100
111110
111136
111144
111163
111173
111182
111184
111192
111198
111207
111217
111227
111235
111238
111246
111254
111265
111275
111285
111294
111304
111312
111322
111331
111341
111349
111358
111369
111377
111378
111387
111396
111404
111419
111427
111436
111445
111454
111462
111471
111475
111485
111495
111504
111513
111529
111538
111548
111557
111559
111568
111577
111594
111604
111613
111622
111632
111640
111649
111657
111666
111674
111683
111695
111704
111713
111723
111732
111739
111748
111757
111758
111771
111783
111799
111808
111811
111820
111829
111838
111848
111859
111865
111875
111886
111896
111904
111912
111921
111929
111940
111949
111952
111961
111965
111976
111988
111998
112008
112017
112027
112037
112047
112057
112067
112076
112087
112097
112107
112119
112129
112140
112150
112155
112170
112183
112192
112208
112218
112228
112237
112245
112254
112265
112275
112285
112294
112303
112312
112321
112333
112342
112349
112351
112360
112371
112394
112403
112411
112421
112444
112452
112461
112471
112480
112489
112498
112507
112517
112526
112535
112545
112554
112563
112565
112573
112582
112591
112601
112611
112621
112631
112641
112652
112663
112671
112683
112693
112708
112718
112728
112732
112739
112748
112757
112772
112775
112776
112786
112794
112803
112812
112820
112830
112840
112853
112863
112868
112878
112888
112898
112908
112918
112927
112937
112946
112955
112961
112970
112979
112989
112998
112999
113011
113021
113031
113044
113054
113065
113080
113090
113100
113111
113121
113131
113141
113152
113162
113173
113183
113194
113264
113274
113275
113285
113293
113303
113315
113325
113335
113345
113355
113365
113376
113389
113399
113409
113420
113431
113445
113455
113466
113476
113487
113497
113507
113519
113529
113541
113551
113562
113573
113584
113597
113607
113618
113630
113641
113713
113723
113733
113745
113756
113766
113777
113787
113797
113807
113817
113827
113839
113850
113861
113872
113883
113894
113904
113914
113924
113936
113959
113971
113977
113981
113986
113997
114006
114014
114028
114039
114057
114061
114070
114100
114109
114123
114131
114141
114170
114179
114190
114191
114192
114201
114209
114220
114232
114241
114251
114259
114270
114279
114288
114298
114308
114339
114348
114358
114368
114399
114409
114415
114425
114448
114474
114484
114493
114502
114505
114506
114507
114519
114527
114551
114554
114564
114567
114570
114580
114595
114598
114606
114633
114642
114651
114657
114684
114693
114703
114713
114735
114750
114757
114785
114786
114787
114814
114824
114850
114860
114869
114879
114889
114898
114926
114943
114951
114959
114972
114982
114990
115002
115011
115019
115027
115037
115045
115053
115061
115070
115078
115086
115094
115103
115112
115120
115121
115122
115131
115139
115147
115155
115163
115176
115184
115187
115195
115203
115211
115214
115224
115232
115240
115248
115256
115264
115273
115282
115291
115300
115308
115316
115324
115332
115340
115348
115356
115364
115372
115380
115388
115396
115405
115406
115407
115415
115424
115433
115441
115451
115459
115467
115475
115479
115488
115496
115504
115512
115520
115529
115554
115564
115567
115591
115601
115625
115633
115641
115649
115658
115675
115677
115678
115685
115690
115708
115732
115755
115765
115784
115795
115814
115844
115853
115861
115870
115879
115889
115899
115920
115928
115939
115948
115971
115979
115986
115995
116005
116006
116007
116017
116027
116035
116044
116052
116060
116069
116078
116106
116109
116135
116160
116169
116178
116186
116191
116200
116210
116235
116244
116252
116264
116265
116266
116278
116306
116323
116331
116339
116348
116356
116365
116373
116381
116389
116397
116405
116413
116421
116429
116442
116451
116459
116467
116475
116479
116487
116508
116515
116523
116552
116560
116576
116577
116578
116610
116618
116635
116652
116661
116670
116679
116688
116697
116706
116716
116724
116754
116762
116770
116780
116789
116797
116805
116813
116821
116831
116839
116840
116841
116844
116852
116860
116869
116877
116885
116893
116901
116909
116917
116928
116936
116944
116952
116961
116970
116978
116986
116994
117002
117011
117019
117026
117056
117064
117071
117081
117091
117100
117108
117116
117146
117154
117165
117174
117186
117196
117204
117214
117224
117232
117241
117250
117259
117267
117291
117317
117325
117328
117336
117344
117345
117346
117355
117364
117374
117385
117394
117405
117413
117421
117429
117448
117456
117464
117472
117483
117492
117501
117511
117514
117517
117526
117536
117548
117558
117567
117576
117584
117592
117621
117622
117623
117655
117663
117666
117674
117705
117716
117725
117736
117742
117752
117761
117770
117781
117800
117813
117829
117837
117868
117893
117898
117910
117916
117926
117936
117946
117955
117963
117971
117979
117987
117995
118005
118025
118051
118061
118072
118101
118111
118130
118140
118159
118186
118187
118189
118199
118207
118237
118245
118264
118281
118290
118299
118307
118316
118328
118339
118348
118357
118381
118391
118399
118429
118460
118461
118474
118503
118532
118541
118545
118553
118561
118569
118586
118612
118616
118627
118652
118671
118695
118706
118733
118734
118735
118767
118777
118780
118810
118823
118831
118839
118842
118862
118888
118897
118920
118952
118970
118978
118986
118995
118996
118997
119005
119039
119049
119059
119068
119077
119085
119094
119104
119113
119132
119139
119170
119199
119230
119243
119254
119279
119292
119296
119306
119327
119336
119344
119350
119378
119386
119394
119426
119429
119438
119446
119449
119469
119480
119484
119516
119540
119550
119559
119578
119596
119603
119611
119615
119623
119653
119663
119677
119688
119696
119716
119718
119721
119729
119742
119771
119779
119803
119810
119813
119830
119848
119873
119877
119881
119884
119885
119886
119900
119917
119947
119953
119956
119959
119983
119993
120015
120025
120055
120083
120088
120096
120104
120127
120135
120146
120147
120148
120157
120165
120174
120204
120208
120217
120232
120240
120249
120258
120271
120283
120298
120309
120321
120339
120347
120377
120402
120411
120421
120434
120435
120451
120480
120493
120517
120520
120540
120562
120593
120612
120622
120631
120660
120670
120701
120709
120723
120746
120747
120748
120756
120764
120767
120776
120802
120822
120831
120844
120858
120866
120870
120878
120895
120903
120911
120918
120925
120955
120965
120968
120976
121003
121025
121055
121063
121071
121079
121087
121105
121130
121147
121168
121192
121202
121213
121224
121242
121247
121261
121287
121315
121337
121346
121367
121388
121401
121406
121426
121452
121460
121468
121494
121500
121507
121533
121541
121550
121562
121572
121592
121622
121650
121658
121685
121693
121715
121716
121747
121767
121777
121803
121822
121833
121842
121853
121874
121895
121902
121910
121918
121926
121941
121963
121985
121992
122005
122027
122030
122048
122074
122096
122114
122139
122162
122188
122201
122212
122223
122232
122241
122252
122282
122291
122316
122324
122349
122372
122399
122421
122447
122465
122483
122499
122510
122522
122533
122553
122559
122562
122575
122593
122596
122614
122654
122674
122700
122726
122760
122769
122776
122793
122800
122817
122850
122862
122871
122879
122889
122908
122915
122921
122928
122936
122959
122965
122971
122979
122987
122998
123007
123013
123025
123067
123068
123078
123087
123107
123115
123122
123150
123180
123186
123193
123210
123234
123264
123274
123282
123307
123322
123347
123352
123360
123368
123377
123386
123419
123447
123458
123468
123473
123487
123499
123530
123539
123564
123565
123573
123594
123613
123623
123637
123647
123657
123688
123707
123713
123722
123730
123733
123736
123745
123755
123765
123779
123788
123799
123827
123856
123867
123880
123907
123936
123947
123970
123978
123987
124021
124043
124050
124078
124099
124110
124119
124129
124144
124152
124175
124186
124195
124222
124254
124263
124270
124280
124290
124302
124311
124323
124337
124353
124361
124369
124378
124387
124392
124401
124422
124431
124439
124448
124451
124472
124502
124510
124538
124557
124576
124587
124595
124621
124631
124636
124662
124674
124690
124700
124709
124727
124736
124745
124756
124760
124769
124797
124827
124836
124860
124878
124901
124911
124930
124938
124949
124958
124966
124985
124994
125002
125024
125032
125033
125055
125064
125072
125100
125110
125119
125128
125138
125145
125163
125191
125194
125226
125255
125264
125274
125307
125331
125337
125349
125383
125392
125404
125411
125423
125448
125481
125506
125527
125543
125564
125588
125598
125606
125615
125622
125628
125638
125659
125688
125696
125706
125717
125726
125735
125744
125756
125776
125798
125803
125813
125821
125842
125850
125859
125878
125899
125908
125918
125924
125944
125973
125982
125992
126013
126022
126031
126032
126044
126049
126078
126088
126108
126114
126117
126141
126149
126169
126179
126200
126204
126213
126232
126249
126261
126269
126282
126294
126305
126308
126314
126323
126343
126353
126366
126388
126397
126406
126429
126436
126444
126452
126460
126468
126471
126479
126487
126495
126503
126511
126514
126517
126546
126576
126613
126625
126635
126654
126666
126676
126701
126731
126741
126751
126767
126774
126781
126794
126807
126816
126826
126846
126853
126872
126896
126906
126914
126924
126926
126930
126942
126948
126981
127001
127028
127051
127076
127105
127132
127141
127165
127173
127180
127187
127195
127202
127224
127233
127242
127250
127268
127281
127290
127299
127319
127330
127339
127349
127379
127405
127414
127423
127431
127470
127480
127501
127506
127515
127521
127525
127534
127544
127567
127584
127658
127680
127709
127718
127723
127748
127757
127789
127797
127823
127832
127841
127845
127853
127867
127868
127895
127905
127939
127947
127955
127985
128001
128016
128040
128060
128073
128081
128085
128124
128153
128159
128182
128194
128206
128218
128228
128238
128240
128254
128279
128291
128299
128307
128317
128321
128331
128339
128352
128377
128386
128409
128431
128460
128468
128477
128487
128516
128526
128554
128577
128586
128619
128624
128648
128656
128666
128676
128686
128687
128696
128705
128709
128731
128749
128759
128771
128777
128786
128814
128818
128828
128835
128862
128872
128895
128925
128934
128944
128966
128974
129001
129030
129034
129066
129071
129075
129090
129095
129108
129120
129129
129137
129145
129178
129179
129182
129207
129240
129248
129260
129266
129280
129312
129322
129330
129338
129348
129356
129381
129392
129401
129410
129431
129467
129498
129507
129535
129546
129577
129586
129613
129621
129636
129637
129648
129676
129686
129697
129707
129712
129721
129750
129777
129797
129827
129836
129858
129867
129897
129924
129933
129970
129975
130013
130043
130061
130062
130086
130089
130100
130109
130137
130143
130152
130163
130173
130183
130195
130204
130213
130222
130232
130237
130248
130257
130289
130319
130329
130337
130348
130356
130387
130391
130400
130417
130428
130440
130449
130479
130510
130540
130570
130579
130588
130612
130619
130647
130655
130684
130692
130698
130709
130726
130734
130737
130767
130778
130781
130789
130829
130851
130860
130878
130899
130906
130917
130949
130961
130970
130977
130986
131011
131018
131044
131071
131090
131101
131110
131117
131126
131136
131144
131147
131166
131179
131195
131203
131232
131242
131251
131259
131268
131278
131286
131294
131302
131331
131361
131387
131395
131403
131422
131439
131451
131461
131490
131499
131516
131536
131546
131564
131594
131603
131612
131621
131639
131647
131675
131684
131694
131704
131714
131722
131730
131748
131778
131806
131823
131826
131846
131870
131889
131893
131912
131915
131923
131930
131931
131953
131981
132005
132014
132018
132025
132035
132047
132058
132071
132082
132102
132110
132117
132127
132137
132150
132159
132176
132191
132203
132212
132218
132240
132250
132278
132309
132319
132331
132340
132349
132356
132367
132374
132385
132393
132403
132412
132421
132430
132439
132467
132476
132484
132494
132503
132512
132537
132543
132572
132573
132584
132612
132622
132631
132652
132662
132670
132679
132689
132701
132728
132749
132771
132779
132801
132825
132844
132862
132873
132884
132894
132904
132914
132936
132946
132954
132964
132973
132982
133007
133029
133039
133043
133063
133072
133091
133114
133117
133135
133145
133155
133164
133173
133176
133200
133223
133232
133242
133274
133280
133308
133333
133342
133349
133375
133386
133395
133405
133423
133440
133447
133456
133465
133493
133508
133522
133527
133552
133580
133591
133602
133622
133639
133647
133656
133664
133672
133682
133692
133720
133731
133770
133778
133787
133813
133815
133844
133870
133894
133903
133912
133924
133933
133948
133956
133964
133974
134002
134012
134020
134030
134044
134056
134076
134097
134125
134135
134150
134161
134191
134195
134205
134217
134225
134254
134262
134272
134282
134292
134320
134330
134340
134349
134365
134377
134393
134402
134410
134438
134466
134475
134495
134503
134506
134515
134535
134543
134573
134583
134589
134592
134616
134645
134654
134662
134665
134688
134698
134706
134715
134724
134732
134757
134766
134775
134810
134838
134869
134889
134912
134935
134963
134972
134982
135012
135023
135047
135058
135069
135081
135103
135105
135106
135116
135145
135185
135205
135215
135225
135235
135255
135266
135275
135284
135292
135300
135311
135321
135334
135352
135362
135387
135393
135407
135417
135433
135460
135483
135496
135506
135534
135543
135552
135562
135590
135600
135610
135631
135653
135674
135692
135701
135710
135722
135737
135751
135755
135763
135774
135784
135792
135802
135828
135846
135855
135864
135876
135893
135902
135933
135942
135954
135972
135979
136004
136010
136015
136025
136033
136045
136057
136068
136098
136108
136124
136148
136171
136185
136194
136195
136221
136231
136240
136248
136252
136265
136277
136304
136313
136323
136332
136339
136348
136378
136384
136394
136402
136415
136420
136426
136451
136464
136470
136496
136498
136525
136547
136556
136584
136596
136624
136653
136684
136694
136704
136713
136740
136751
136783
136792
136819
136837
136848
136867
136870
136908
136917
136948
136963
136984
136994
137004
137015
137025
137036
137040
137051
137059
137077
137087
137109
137112
137117
137125
137148
137160
137166
137200
137209
137232
137267
137279
137287
137298
137307
137317
137322
137335
137343
137351
137361
137370
137378
137400
137403
137412
137436
137451
137457
137486
137509
137518
137529
137553
137563
137575
137584
137594
137600
137622
137639
137648
137658
137668
137682
137692
137705
137714
137723
137750
137767
137786
137793
137802
137823
137833
137844
137855
137878
137896
137920
137929
137939
137948
137974
137984
137996
138004
138013
138023
138032
138033
138044
138066
138076
138086
138097
138105
138113
138124
138133
138141
138151
138163
138175
138185
138194
138202
138211
138221
138235
138245
138249
138254
138276
138283
138306
138335
138348
138350
138372
138381
138389
138399
138409
138434
138442
138460
138470
138489
138503
138513
138524
138534
138562
138567
138579
138599
138607
138615
138623
138633
138643
138669
138670
138672
138683
138696
138707
138719
138728
138754
138764
138772
138775
138781
138790
138810
138820
138823
138835
138844
138853
138866
138892
138900
138927
138937
138947
138957
138967
138977
138986
138996
139018
139029
139039
139049
139065
139074
139083
139094
139103
139121
139142
139150
139172
139185
139195
139208
139218
139223
139240
139253
139263
139272
139283
139293
139297
139310
139326
139337
139350
139358
139368
139377
139385
139397
139408
139427
139436
139441
139459
139487
139493
139500
139510
139533
139557
139561
139584
139592
139601
139611
139636
139655
139665
139676
139681
139698
139700
139710
139717
139740
139772
139777
139783
139791
139792
139804
139830
139832
139844
139867
139877
139882
139895
139905
139916
139924
139936
139946
139955
139963
139987
139997
140008
140025
140039
140069
140082
140093
140099
140106
140117
140127
140136
140147
140152
140163
140171
140199
140203
140212
140221
140246
140270
140280
140291
140298
140313
140323
140332
140339
140346
140357
140365
140376
140387
140398
140407
140430
140452
140461
140471
140475
140485
140495
140504
140516
140544
140549
140558
140569
140581
140592
140601
140608
140614
140622
140632
140652
140659
140688
140699
140717
140725
140739
140749
140763
140777
140820
140840
140843
140864
140883
140892
140917
140926
140934
140944
140947
140954
140963
140974
140985
140997
141035
141058
141065
141080
141089
141092
141119
141145
141160
141183
141197
141203
141211
141239
141245
141252
141274
141281
141299
141324
141334
141343
141364
141374
141382
141391
141399
141410
141420
141430
141440
141449
141455
141463
141494
141512
141525
141535
141544
141561
141578
141585
141588
141601
141610
141621
141627
141637
141659
141688
141713
141735
141747
141756
141763
141782
141789
141815
141825
141837
141848
141854
141864
141883
141899
141905
141916
141943
141953
141964
141969
141984
142012
142018
142035
142041
142047
142054
142063
142074
142083
142091
142117
142123
142147
142158
142173
142182
142187
142197
142224
142233
142240
142249
142257
142258
142272
142276
142299
142323
142337
142346
142363
142374
142384
142412
142421
142430
142435
142444
142466
142488
142496
142502
142508
142519
142548
142558
142569
142578
142586
142600
142614
142637
142646
142667
142675
142685
142714
142738
142751
142761
142770
142798
142822
142852
142860
142869
142872
142883
142889
142896
142932
142937
142958
142964
142973
143000
143009
143031
143034
143050
143060
143069
143079
143088
143099
143108
143124
143134
143143
143160
143170
143179
143188
143196
143228
143233
143261
143289
143298
143304
143315
143341
143349
143358
143382
143384
143395
143405
143426
143455
143464
143474
143493
143519
143523
143532
143536
143543
143565
143575
143594
143607
143626
143643
143669
143694
143724
143734
143766
143773
143781
143815
143827
143837
143844
143848
143858
143861
143871
143881
143910
143937
143960
143977
143979
143988
143996
143999
144008
144015
144029
144049
144076
144084
144106
144115
144126
144135
144150
144176
144188
144209
144221
144232
144249
144258
144268
144286
144309
144319
144328
144338
144368
144370
144374
144378
144381
144391
144402
144413
144422
144431
144440
144450
144459
144469
144488
144497
144505
144513
144523
144524
144537
144561
144571
144581
144595
144615
144625
144632
144641
144661
144686
144719
144725
144733
144765
144794
144805
144814
144822
144833
144843
144852
144863
144872
144898
144913
144923
144932
144954
144966
144985
144995
145015
145035
145042
145059
145070
145078
145089
145107
145118
145129
145162
145189
145206
145234
145237
145266
145274
145277
145287
145313
145339
145359
145373
145381
145411
145438
145447
145457
145466
145473
145496
145513
145519
145536
145562
145588
145617
145626
145635
145644
145653
145665
145686
145693
145704
145705
145715
145726
145736
145745
145754
145765
145775
145784
145813
145842
145857
145882
145888
145898
145909
145917
145936
145945
145974
146003
146030
146034
146064
146081
146093
146104
146108
146118
146145
146153
146163
146196
146221
146244
146252
146273
146283
146292
146301
146322
146331
146340
146349
146358
146369
146379
146380
146393
146420
146430
146438
146447
146455
146464
146494
146504
146513
146539
146549
146559
146586
146597
146620
146643
146656
146666
146674
146683
146692
146701
146707
146716
146729
146741
146757
146767
146776
146798
146808
146818
146847
146867
146891
146918
146929
146955
146965
146973
147002
147032
147040
147065
147082
147083
147106
147114
147131
147140
147150
147154
147179
147181
147212
147221
147245
147265
147272
147284
147294
147305
147313
147335
147344
147362
147371
147391
147403
147421
147424
147433
147438
147447
147468
147478
147486
147508
147516
147525
147534
147539
147573
147593
147625
147656
147664
147676
147683
147688
147689
147694
147712
147720
147730
147740
147748
147757
147766
147775
147784
147793
147802
147808
147838
147864
147873
147883
147892
147901
147931
147940
147967
147976
147992
148012
148039
148048
148058
148068
148097
148121
148131
148140
148149
148161
148184
148194
148202
148211
148227
148245
148267
148278
148287
148296
148301
148308
148329
148344
148363
148372
148390
148408
148419
148429
148435
148453
148474
148486
148492
148502
148511
148521
148540
148544
148554
148582
148589
148599
148630
148640
148650
148669
148681
148683
148703
148713
148727
148736
148759
148786
148794
148815
148841
148871
148881
148902
148925
148936
148945
148955
148980
149001
149024
149032
149050
149059
149064
149067
149089
149109
149119
149129
149133
149152
149153
149159
149178
149187
149214
149235
149262
149270
149282
149291
149321
149331
149340
149366
149394
149400
149410
149426
149436
149457
149459
149467
149485
149494
149509
149520
149530
149540
149558
149560
149563
149571
149590
149601
149610
149611
149620
149643
149650
149672
149696
149710
149720
149731
149737
149742
149752
149770
149779
149807
149819
149824
149834
149846
149873
149882
149905
149915
149931
149940
149954
149963
149972
150001
150022
150046
150067
150075
150076
150086
150095
150121
150142
150166
150174
150179
150188
150198
150206
150217
150234
150243
150253
150259
150271
150281
150290
150298
150307
150316
150325
150336
150359
150382
150413
150422
150448
150459
150467
150471
150483
150491
150497
150514
150548
150580
150589
150598
150607
150626
150645
150674
150692
150702
150711
150732
150740
150748
150777
150786
150794
150818
150827
150836
150844
150870
150895
150904
150925
150931
150936
150952
150973
150987
151000
151009
151019
151025
151033
151050
151072
151100
151112
151124
151145
151155
151181
151190
151198
151206
151224
151232
151250
151277
151304
151330
151339
151347
151355
151386
151399
151400
151410
151431
151453
151461
151482
151493
151501
151528
151537
151545
151555
151565
151575
151581
151611
151642
151657
151663
151685
151694
151704
151712
151720
151750
151770
151782
151811
151820
151829
151844
151871
151888
151897
151907
151917
151936
151981
151990
152010
152030
152049
152075
152083
152091
152103
152113
152123
152130
152135
152140
152148
152156
152179
152191
152198
152207
152218
152236
152255
152267
152287
152288
152297
152305
152316
152321
152330
152337
152346
152364
152373
152382
152392
152402
152410
152419
152430
152439
152467
152489
152499
152511
152521
152525
152530
152539
152568
152576
152594
152605
152614
152623
152632
152640
152650
152662
152671
152678
152687
152690
152701
152710
152738
152745
152757
152779
152788
152807
152820
152838
152861
152870
152897
152914
152943
152971
152982
152999
153008
153017
153028
153037
153047
153067
153071
153094
153114
153135
153164
153182
153208
153220
153222
153232
153242
153267
153276
153283
153293
153302
153323
153327
153337
153345
153371
153377
153386
153390
153396
153413
153416
153451
153454
153475
153488
153497
153500
153510
153519
153528
153554
153571
153597
153607
153619
153645
153674
153690
153694
153718
153730
153754
153782
153792
153809
153812
153829
153838
153847
153873
153878
153888
153907
153915
153919
153940
153950
153960
153982
153991
154002
154031
154056
154065
154076
154087
154110
154137
154143
154156
154165
154176
154201
154210
154236
154240
154262
154272
154282
154300
154318
154336
154344
154353
154361
154389
154399
154409
154419
154434
154448
154457
154471
154499
154511
154525
154536
154544
154553
154567
154571
154577
154580
154588
154597
154614
154622
154640
154660
154665
154687
154712
154717
154722
154732
154738
154747
154753
154774
154782
154804
154828
154839
154849
154855
154864
154890
154910
154913
154921
154932
154941
154950
154957
154970
154976
154980
154989
154998
155018
155029
155038
155047
155056
155065
155074
155084
155093
155104
155113
155122
155148
155166
155186
155196
155205
155212
155219
155226
155238
155247
155252
155317
155327
155339
155349
155359
155367
155389
155398
155432
155451
155474
155482
155508
155513
155535
155539
155547
155555
155572
155581
155586
155605
155630
155649
155677
155686
155690
155709
155715
155726
155757
155766
155775
155783
155792
155815
155842
155871
155875
155901
155906
155915
155943
155973
155982
155983
155993
156020
156028
156037
156043
156051
156070
156089
156097
156107
156117
156125
156133
156155
156166
156192
156204
156207
156233
156251
156260
156281
156291
156311
156325
156334
156344
156352
156361
156379
156404
156421
156439
156457
156486
156496
156498
156540
156549
156557
156566
156594
156611
156620
156629
156639
156649
156660
156668
156686
156703
156711
156733
156760
156768
156777
156787
156812
156820
156850
156875
156884
156888
156917
156940
156953
156962
156964
156981
156996
157015
157028
157036
157041
157058
157075
157082
157093
157101
157112
157138
157166
157191
157203
157212
157223
157232
157254
157263
157274
157283
157308
157316
157324
157335
157344
157370
157393
157404
157414
157424
157433
157444
157445
157455
157465
157482
157488
157498
157524
157534
157553
157563
157578
157589
157599
157608
157618
157645
157673
157682
157692
157701
157711
157737
157750
157758
157768
157794
157800
157832
157849
157869
157875
157885
157902
157924
157931
157945
157950
157968
157976
157984
157994
158001
158011
158031
158049
158085
158096
158105
158115
158125
158136
158146
158153
158166
158175
158184
158208
158222
158243
158263
158272
158282
158291
158296
158307
158318
158344
158353
158371
158380
158389
158416
158426
158447
158456
158464
158473
158476
158489
158516
158534
158548
158552
158555
158565
158571
158578
158594
158600
158630
158649
158658
158684
158707
158713
158725
158735
158745
158754
158763
158773
158782
158791
158801
158807
158824
158825
158834
158861
158885
158896
158911
158942
158947
158969
158977
158994
159003
159024
159051
159065
159077
159107
159131
159141
159166
159176
159187
159206
159209
159219
159240
159262
159269
159304
159340
159345
159360
159390
159399
159407
159437
159445
159454
159462
159470
159479
159493
159523
159552
159578
159580
159589
159621
159649
159658
159667
159698
159710
159716
159729
159737
159748
159761
159772
159784
159792
159800
159810
159840
159849
159850
159862
159894
159923
159932
159955
159980
159987
159996
160005
160014
160044
160075
160095
160103
160115
160146
160178
160183
160191
160199
160227
160257
160260
160286
160291
160321
160346
160353
160362
160371
160380
160412
160438
160446
160454
160486
160494
160534
160552
160563
160588
160598
160605
160611
160619
160625
160633
160639
160646
160652
160658
160664
160673
160677
160684
160690
160696
160702
160709
160715
160723
160729
160736
160742
160751
160757
160763
160769
160775
160781
160787
160794
160800
160806
160812
160818
160824
160832
160838
160844
160850
160856
160862
160869
160875
160881
160887
160895
160901
160907
160914
160920
160926
160932
160938
160944
160954
160961
160967
160973
160979
160986
160992
161002
161009
161015
161021
161027
161033
161041
161047
161053
161059
161066
161072
161078
161089
161095
161102
161108
161114
161120
161126
161132
161143
161158
161168
161188
161198
161205
161211
161220
161226
161233
161240
161247
161258
161270
161276
161283
161289
161305
161317
161324
161326
161332
161338
161344
161351
161357
161367
161375
161381
161391
161402
161413
161422
161428
161439
161445
161451
161459
161465
161477
161484
161490
161496
161502
161508
161516
161526
161535
161541
161547
161555
161565
161572
161579
161585
161595
161602
161609
161616
161622
161628
161634
161640
161646
161652
161658
161664
161670
161676
161682
161692
161702
161715
161721
161727
161728
161734
161749
161750
161757
161763
161769
161779
161788
161794
161804
161810
161817
161825
161831
161838
161844
161850
161856
161862
161868
161874
161881
161889
161895
161901
161907
161913
161934
161940
161946
161952
161958
161965
161971
161982
161988
161994
162001
162007
162013
162019
162025
162031
162038
162044
162050
162056
162063
162070
162084
162085
162091
162097
162103
162111
162117
162123
162129
162139
162145
162151
162157
162165
162172
162178
162184
162190
162196
162202
162208
162216
162222
162228
162234
162240
162246
162253
162261
162279
162285
162291
162305
162311
162318
162329
162341
162349
162356
162366
162374
162381
162387
162393
162399
162409
162415
162421
162427
162433
162443
162450
162456
162462
162468
162469
162473
162479
162489
162495
162501
162507
162514
162519
162525
162531
162537
162543
162550
162558
162565
162571
162577
162585
162591
162597
162604
162614
162622
162629
162638
162646
162652
162661
162668
162678
162684
162690
162697
162707
162722
162728
162738
162749
162756
162762
162768
162778
162786
162794
162801
162807
162813
162823
162830
162837
162843
162854
162868
162874
162880
162890
162896
162902
162908
162919
162930
162937
162943
162949
162955
162961
162970
162976
162979
162985
162990
163001
163007
163015
163026
163033
163039
163045
163051
163057
163064
163070
163076
163090
163096
163102
163112
163141
163147
163153
163159
163166
163187
163193
163203
163209
163215
163216
163224
163231
163243
163250
163258
163265
163273
163279
163285
163291
163302
163310
163317
163325
163331
163338
163346
163353
163359
163368
163374
163380
163386
163394
163400
163406
163412
163420
163426
163432
163438
163444
163450
163457
163465
163471
163479
163485
163493
163502
163511
163519
163526
163533
163540
163548
163554
163560
163568
163574
163576
163587
163593
163607
163614
163622
163629
163635
163641
163649
163655
163661
163674
163685
163691
163697
163704
163712
163722
163728
163734
163741
163750
163757
163768
163782
163788
163801
163807
163815
163833
163851
163857
163863
163869
163877
163885
163891
163897
163904
163912
163919
163926
163934
163940
163947
163963
163969
163975
163981
163987
163993
164001
164007
164015
164020
164026
164032
164039
164045
164051
164067
164073
164079
164085
164092
164098
164104
164110
164116
164122
164131
164143
164150
164156
164163
164171
164178
164185
164194
164204
164210
164217
164223
164229
164235
164242
164249
164257
164265
164271
164281
164291
164296
164303
164311
164317
164323
164337
164338
164348
164354
164371
164377
164383
164389
164399
164409
164420
164426
164438
164444
164451
164462
164472
164478
164486
164493
164504
164510
164516
164522
164528
164534
164542
164552
164565
164573
164589
164595
164601
164607
164613
164623
164629
164637
164645
164657
164665
164671
164678
164688
164698
164708
164714
164728
164734
164741
164748
164749
164759
164765
164776
164782
164788
164795
164802
164809
164815
164824
164834
164840
164846
164852
164859
164866
164877
164883
164889
164895
164905
164915
164922
164930
164940
164949
164958
164964
164974
164980
164986
164996
165005
165012
165018
165025
165031
165041
165047
165053
165060
165067
165076
165082
165090
165097
165105
165111
165117
165123
165130
165140
165147
165153
165159
165161
165166
165172
165179
165191
165202
165208
165214
165220
165226
165232
165241
165247
165260
165269
165295
165308
165318
165326
165334
165342
165348
165354
165365
165392
165410
165417
165424
165431
165438
165445
165452
165458
165464
165470
165476
165485
165492
165499
165505
165528
165534
165540
165548
165565
165590
165600
165609
165618
165646
165652
165658
165664
165671
165689
165714
165723
165730
165746
165753
165759
165765
165772
165794
165818
165842
165849
165862
165869
165877
165884
165892
165898
165905
165913
165920
165927
165933
165940
165948
165955
165961
165968
165975
166005
166030
166052
166063
166070
166081
166087
166093
166099
166105
166111
166125
166151
166174
166195
166212
166240
166253
166260
166279
166296
166298
166311
166318
166330
166344
166350
166371
166382
166394
166402
166408
166414
166420
166428
166434
166440
166442
166448
166455
166470
166476
166482
166490
166497
166503
166513
166520
166530
166536
166546
166557
166563
166573
166579
166589
166596
166602
166608
166617
166624
166630
166636
166642
166649
166659
166666
166676
166682
166688
166698
166709
166715
166721
166727
166733
166739
166745
166752
166759
166765
166771
166777
166783
166789
166795
166802
166809
166815
166821
166827
166833
166839
166841
166852
166864
166870
166877
166883
166889
166907
166924
166930
166939
166945
166951
166962
166968
166974
166980
166988
166994
167000
167012
167018
167024
167030
167044
167054
167064
167070
167082
167089
167095
167104
167110
167116
167122
167128
167140
167150
167156
167163
167169
167175
167182
167192
167203
167209
167215
167217
167228
167238
167244
167254
167261
167267
167278
167284
167295
167301
167304
167316
167322
167328
167334
167340
167356
167367
167375
167381
167391
167398
167404
167411
167417
167423
167431
167443
167456
167462
167468
167474
167485
167491
167497
167504
167514
167534
167540
167546
167553
167562
167568
167574
167586
167594
167601
167607
167614
167630
167637
167639
167647
167654
167661
167668
167675
167681
167692
167699
167706
167713
167719
167725
167734
167740
167746
167753
167760
167769
167779
167790
167799
167808
167821
167827
167842
167848
167861
167868
167876
167884
167892
167901
167907
167914
167921
167929
167936
167943
167954
167965
167971
167978
167984
167990
167998
168005
168006
168013
168020
168034
168041
168052
168058
168069
168076
168085
168091
168097
168119
168127
168134
168140
168147
168156
168164
168172
168180
168190
168196
168204
168214
168223
168229
168237
168246
168252
168259
168266
168274
168281
168288
168294
168300
168315
168327
168336
168343
168350
168359
168370
168377
168383
168390
168391
168398
168404
168412
168419
168425
168432
168438
168444
168452
168460
168483
168489
168495
168501
168508
168518
168529
168536
168542
168550
168557
168565
168571
168577
168591
168600
168606
168612
168618
168625
168633
168640
168647
168657
168665
168675
168689
168693
168701
168713
168720
168731
168737
168744
168757
168765
168773
168783
168784
168790
168796
168802
168809
168816
168824
168831
168837
168843
168849
168857
168867
168877
168885
168891
168898
168908
168917
168923
168929
168937
168943
168949
168957
168964
168971
168979
168987
168993
168999
169006
169013
169020
169026
169034
169046
169058
169070
169076
169082
169090
169100
169108
169114
169125
169131
169137
169143
169154
169166
169173
169183
169184
169190
169197
169204
169215
169226
169232
169239
169248
169259
169270
169279
169286
169296
169302
169309
169323
169329
169343
169350
169357
169363
169369
169378
169385
169391
169401
169408
169414
169420
169427
169433
169440
169447
169458
169468
169479
169485
169491
169499
169505
169514
169520
169527
169533
169540
169547
169561
169562
169570
169577
169585
169591
169597
169605
169613
169620
169626
169632
169639
169645
169651
169657
169663
169673
169680
169686
169697
169708
169714
169725
169734
169740
169746
169753
169759
169765
169775
169781
169789
169795
169801
169810
169816
169828
169835
169844
169850
169858
169864
169874
169880
169887
169895
169901
169907
169914
169920
169929
169936
169938
169943
169951
169957
169967
169974
169980
169990
169996
170002
170008
170014
170025
170031
170037
170043
170049
170055
170061
170068
170074
170080
170086
170092
170098
170104
170112
170119
170125
170131
170137
170143
170151
170158
170167
170173
170179
170185
170193
170199
170205
170212
170218
170224
170230
170236
170243
170256
170264
170277
170289
170299
170305
170315
170325
170336
170337
170347
170354
170365
170376
170383
170393
170399
170406
170417
170426
170432
170438
170444
170451
170461
170471
170486
170494
170503
170509
170532
170540
170546
170553
170564
170571
170577
170583
170590
170600
170606
170612
170622
170628
170635
170641
170647
170653
170659
170666
170678
170686
170692
170700
170707
170708
170727
170733
170739
170746
170752
170765
170780
170787
170795
170801
170816
170844
170853
170870
170880
170893
170913
170932
170959
170980
171002
171011
171021
171032
171053
171067
171076
171085
171095
171115
171123
171133
171139
171158
171164
171171
171177
171180
171196
171222
171242
171252
171260
171264
171288
171298
171301
171309
171326
171351
171354
171359
171377
171402
171420
171425
171433
171449
171472
171481
171501
171513
171519
171539
171548
171556
171563
171586
171591
171595
171624
171630
171642
171662
171667
171676
171695
171704
171714
171722
171730
171734
171754
171777
171824
171850
171856
171875
171885
171903
171909
171924
171945
171978
171988
171997
172018
172038
172046
172054
172067
172075
172084
172102
172103
172113
172121
172129
172150
172159
172178
172196
172205
172222
172230
172239
172252
172273
172275
172287
172299
172316
172318
172344
172346
172357
172367
172417
172433
172441
172461
172472
172480
172488
172514
172523
172529
172539
172551
172562
172570
172596
172616
172649
172665
172681
172686
172694
172720
172734
172753
172768
172784
172786
172795
172797
172801
172809
172836
172855
172869
172880
172888
172892
172899
172907
172920
172930
172941
172946
172958
172967
172978
172998
173006
173026
173042
173050
173062
173071
173080
173111
173122
173129
173150
173170
173180
173198
173206
173230
173242
173253
173254
173258
173271
173281
173291
173311
173323
173337
173356
173362
173371
173378
173387
173406
173423
173434
173444
173451
173455
173479
173496
173514
173530
173540
173558
173565
173585
173608
173627
173636
173647
173653
173662
173674
173683
173694
173704
173710
173716
173717
173728
173740
173749
173755
173764
173773
173784
173792
173802
173826
173846
173853
173863
173880
173920
173922
173927
173940
173948
173961
173971
173982
174001
174009
174021
174032
174050
174061
174070
174076
174097
174105
174108
174119
174130
174139
174151
174155
174161
174184
174224
174244
174251
174258
174264
174270
174276
174284
174289
174302
174310
174316
174327
174350
174356
174365
174374
174381
174389
174397
174403
174412
174418
174426
174434
174452
174481
174498
174504
174530
174552
174559
174568
174583
174596
174607
174617
174634
174643
174652
174660
174668
174679
174686
174695
174701
174710
174720
174741
174750
174757
174771
174784
174792
174800
174813
174821
174830
174838
174842
174849
174856
174863
174869
174877
174883
174892
174898
174907
174913
174931
174945
174951
174956
174971
174979
174987
174991
175006
175017
175035
175049
175052
175062
175068
175076
175081
175089
175098
175110
175131
175142
175151
175154
175168
175185
175193
175214
175228
175231
175245
175259
175275
175284
175302
175306
175331
175359
175378
175387
175418
175426
175434
175443
175471
175482
175493
175497
175509
175519
175531
175549
175558
175567
175576
175587
175621
175630
175657
175667
175690
175705
175719
175727
175736
175746
175762
175775
175785
175795
175803
175811
175819
175841
175850
175856
175865
175874
175884
175905
175915
175923
175926
175954
175981
175989
175998
176007
176015
176025
176049
176060
176068
176077
176088
176117
176146
176179
176209
176233
176240
176268
176277
176295
176308
176321
176329
176359
176367
176397
176405
176414
176423
176451
176459
176483
176490
176508
176523
176549
176559
176569
176583
176592
176614
176643
176652
176678
176704
176723
176745
176780
176789
176817
176846
176856
176864
176892
176901
176914
176929
176939
176961
176964
176996
177004
177034
177035
177058
177067
177073
177083
177093
177102
177130
177161
177190
177210
177234
177238
177247
177256
177264
177271
177279
177308
177325
177345
177353
177362
177395
177426
177435
177443
177465
177485
177518
177528
177551
177559
177587
177596
177603
177621
177640
177661
177672
177694
177704
177715
177737
177746
177756
177766
177774
177803
177838
177873
177897
177923
177930
177940
177959
177977
178000
178019
178031
178062
